  Measurement Number     Measurement type
                   3               OnLine

      Measurement ID                     
       739561.829212                     

          Force Mode                Value         MeasureRange
             Voltage                    0         1.000000e-03

    Supply Complince     Integrating time     Refresh interval
        1.000000e-02                    0                    0

        Time      Voltage      Current  Temperature
3.6230e-02   1.0000e+00   7.0400e-04             NA
2.2130e-01   1.0000e+00   7.0400e-04             NA
3.6598e-01   1.0000e+00   7.0400e-04             NA
5.2291e-01   1.0000e+00   7.0400e-04             NA
6.8308e-01   1.0000e+00   7.0400e-04             NA
8.3645e-01   1.0000e+00   7.0400e-04             NA
9.8902e-01   1.0000e+00   7.0400e-04             NA
1.1410e+00   1.0000e+00   7.0400e-04             NA
1.3016e+00   1.0000e+00   7.0400e-04             NA
1.4590e+00   1.0000e+00   7.0400e-04             NA
1.6190e+00   1.0000e+00   7.0400e-04             NA
1.9123e+00   1.0000e+00   7.0400e-04             NA
1.9413e+00   1.0000e+00   7.0400e-04             NA
2.2306e+00   1.0000e+00   7.0400e-04             NA
2.2645e+00   1.0000e+00   7.0400e-04             NA
2.5399e+00   1.0000e+00   7.0400e-04             NA
2.7031e+00   1.0000e+00   7.0400e-04             NA
2.8570e+00   1.0000e+00   7.0400e-04             NA
3.0048e+00   1.0010e+00   7.0400e-04             NA
3.0382e+00   1.0000e+00   7.0400e-04             NA
3.3170e+00   1.0000e+00   7.0400e-04             NA
3.4671e+00   1.0000e+00   7.0400e-04             NA
3.6226e+00   1.0000e+00   7.0400e-04             NA
3.6526e+00   1.0000e+00   7.0400e-04             NA
3.9421e+00   1.0000e+00   7.0400e-04             NA
4.0921e+00   1.0000e+00   7.0400e-04             NA
4.1340e+00   1.0000e+00   7.0400e-04             NA
4.4084e+00   1.0000e+00   7.0400e-04             NA
4.5742e+00   1.0000e+00   7.0400e-04             NA
4.6343e+00   1.0000e+00   7.0400e-04             NA
4.8853e+00   1.0000e+00   7.0400e-04             NA
5.0428e+00   1.0000e+00   7.0400e-04             NA
5.1340e+00   1.0000e+00   7.0400e-04             NA
5.3301e+00   1.0000e+00   7.0400e-04             NA
5.4886e+00   1.0000e+00   7.0350e-04             NA
5.5341e+00   1.0000e+00   7.0400e-04             NA
5.8329e+00   1.0000e+00   7.0400e-04             NA
6.0049e+00   1.0000e+00   7.0400e-04             NA
6.0401e+00   1.0000e+00   7.0400e-04             NA
6.3325e+00   1.0000e+00   7.0400e-04             NA
6.4967e+00   1.0000e+00   7.0400e-04             NA
6.6648e+00   1.0000e+00   7.0400e-04             NA
6.8263e+00   1.0000e+00   7.0400e-04             NA
7.0008e+00   1.0000e+00   7.0400e-04             NA
7.0349e+00   1.0000e+00   7.0400e-04             NA
7.2092e+00   1.0000e+00   7.0400e-04             NA
7.4954e+00   1.0000e+00   7.0400e-04             NA
7.6817e+00   1.0000e+00   7.0400e-04             NA
7.8420e+00   1.0000e+00   7.0400e-04             NA
8.0066e+00   1.0000e+00   7.0350e-04             NA
8.0437e+00   1.0000e+00   7.0400e-04             NA
8.3938e+00   2.0010e+00   1.4065e-03             NA
8.4341e+00   2.0010e+00   1.4060e-03             NA
8.7303e+00   2.0010e+00   1.4065e-03             NA
8.8881e+00   2.0010e+00   1.4060e-03             NA
9.0505e+00   2.0010e+00   1.4065e-03             NA
9.1343e+00   2.0010e+00   1.4065e-03             NA
9.3691e+00   2.0010e+00   1.4060e-03             NA
9.5387e+00   2.0010e+00   1.4065e-03             NA
9.7114e+00   2.0010e+00   1.4065e-03             NA
9.8792e+00   2.0010e+00   1.4060e-03             NA
1.0036e+01   2.0010e+00   1.4065e-03             NA
1.0135e+01   2.0010e+00   1.4065e-03             NA
1.0346e+01   2.0010e+00   1.4065e-03             NA
1.0510e+01   2.0010e+00   1.4060e-03             NA
1.0672e+01   2.0010e+00   1.4065e-03             NA
1.0836e+01   2.0010e+00   1.4065e-03             NA
1.0999e+01   2.0010e+00   1.4060e-03             NA
1.1167e+01   2.0010e+00   1.4065e-03             NA
1.1336e+01   2.0010e+00   1.4060e-03             NA
1.1503e+01   2.0010e+00   1.4060e-03             NA
1.1672e+01   2.0010e+00   1.4060e-03             NA
1.1834e+01   2.0010e+00   1.4065e-03             NA
1.2006e+01   2.0010e+00   1.4060e-03             NA
1.2039e+01   2.0010e+00   1.4060e-03             NA
1.2326e+01   2.0010e+00   1.4065e-03             NA
1.2494e+01   2.0010e+00   1.4065e-03             NA
1.2657e+01   2.0010e+00   1.4065e-03             NA
1.2735e+01   2.0010e+00   1.4060e-03             NA
1.2963e+01   2.0010e+00   1.4060e-03             NA
1.3130e+01   2.0010e+00   1.4060e-03             NA
1.3295e+01   2.0010e+00   1.4065e-03             NA
1.3333e+01   2.0010e+00   1.4060e-03             NA
1.3632e+01   2.0010e+00   1.4065e-03             NA
1.3798e+01   2.0010e+00   1.4065e-03             NA
1.3834e+01   2.0010e+00   1.4060e-03             NA
1.4123e+01   2.0010e+00   1.4060e-03             NA
1.4158e+01   2.0010e+00   1.4060e-03             NA
1.4449e+01   2.0010e+00   1.4065e-03             NA
1.4623e+01   2.0010e+00   1.4065e-03             NA
1.4852e+01   2.0010e+00   1.4065e-03             NA
1.5044e+01   2.0010e+00   1.4065e-03             NA
1.5135e+01   2.0010e+00   1.4065e-03             NA
1.5344e+01   2.0010e+00   1.4060e-03             NA
1.5515e+01   2.0010e+00   1.4065e-03             NA
1.5682e+01   2.0010e+00   1.4065e-03             NA
1.5844e+01   2.0010e+00   1.4065e-03             NA
1.6009e+01   2.0010e+00   1.4065e-03             NA
1.6050e+01   2.0010e+00   1.4065e-03             NA
1.6341e+01   2.0010e+00   1.4065e-03             NA
1.6510e+01   2.0010e+00   1.4065e-03             NA
1.6545e+01   2.0010e+00   1.4065e-03             NA
1.6837e+01   2.0010e+00   1.4065e-03             NA
1.7007e+01   2.0010e+00   1.4060e-03             NA
1.7177e+01   2.0010e+00   1.4065e-03             NA
1.7351e+01   2.0010e+00   1.4060e-03             NA
1.7530e+01   2.0010e+00   1.4065e-03             NA
1.7697e+01   2.0010e+00   1.4065e-03             NA
1.7733e+01   2.0010e+00   1.4060e-03             NA
1.8028e+01   2.0010e+00   1.4065e-03             NA
1.8060e+01   2.0010e+00   1.4065e-03             NA
1.8346e+01   2.0010e+00   1.4065e-03             NA
1.8433e+01   2.0010e+00   1.4065e-03             NA
1.8660e+01   2.0010e+00   1.4065e-03             NA
1.8870e+01   2.0010e+00   1.4065e-03             NA
1.9044e+01   2.0010e+00   1.4065e-03             NA
1.9249e+01   3.0010e+00   2.1070e-03             NA
1.9334e+01   3.0010e+00   2.1070e-03             NA
1.9566e+01   3.0010e+00   2.1070e-03             NA
1.9733e+01   3.0010e+00   2.1070e-03             NA
1.9896e+01   3.0010e+00   2.1070e-03             NA
2.0059e+01   3.0010e+00   2.1065e-03             NA
2.0133e+01   3.0010e+00   2.1065e-03             NA
2.0368e+01   3.0010e+00   2.1060e-03             NA
2.0523e+01   3.0010e+00   2.1060e-03             NA
2.0690e+01   3.0010e+00   2.1060e-03             NA
2.0856e+01   3.0010e+00   2.1060e-03             NA
2.1018e+01   3.0010e+00   2.1065e-03             NA
2.1193e+01   3.0010e+00   2.1065e-03             NA
2.1352e+01   3.0010e+00   2.1065e-03             NA
2.1517e+01   3.0010e+00   2.1065e-03             NA
2.1686e+01   3.0010e+00   2.1065e-03             NA
2.1848e+01   3.0010e+00   2.1065e-03             NA
2.2007e+01   3.0010e+00   2.1065e-03             NA
2.2170e+01   3.0010e+00   2.1060e-03             NA
2.2325e+01   3.0010e+00   2.1065e-03             NA
2.2487e+01   3.0010e+00   2.1065e-03             NA
2.2658e+01   3.0010e+00   2.1070e-03             NA
2.2829e+01   3.0010e+00   2.1065e-03             NA
2.3001e+01   3.0010e+00   2.1065e-03             NA
2.3171e+01   3.0010e+00   2.1065e-03             NA
2.3328e+01   3.0010e+00   2.1070e-03             NA
2.3499e+01   3.0010e+00   2.1060e-03             NA
2.3677e+01   3.0010e+00   2.1065e-03             NA
2.3830e+01   3.0010e+00   2.1065e-03             NA
2.3993e+01   3.0010e+00   2.1065e-03             NA
2.4148e+01   3.0010e+00   2.1070e-03             NA
2.4234e+01   3.0010e+00   2.1070e-03             NA
2.4456e+01   3.0010e+00   2.1075e-03             NA
2.4616e+01   3.0010e+00   2.1070e-03             NA
2.4784e+01   3.0010e+00   2.1070e-03             NA
2.4945e+01   3.0010e+00   2.1070e-03             NA
2.5102e+01   3.0010e+00   2.1075e-03             NA
2.5135e+01   3.0010e+00   2.1070e-03             NA
2.5420e+01   3.0010e+00   2.1075e-03             NA
2.5452e+01   3.0010e+00   2.1070e-03             NA
2.5747e+01   3.0010e+00   2.1075e-03             NA
2.5912e+01   3.0010e+00   2.1070e-03             NA
2.6067e+01   3.0010e+00   2.1065e-03             NA
2.6234e+01   3.0010e+00   2.1065e-03             NA
2.6387e+01   3.0010e+00   2.1070e-03             NA
2.6556e+01   3.0010e+00   2.1070e-03             NA
2.6726e+01   3.0010e+00   2.1075e-03             NA
2.6885e+01   3.0010e+00   2.1075e-03             NA
2.7058e+01   3.0010e+00   2.1075e-03             NA
2.7222e+01   3.0010e+00   2.1075e-03             NA
2.7386e+01   3.0010e+00   2.1075e-03             NA
2.7557e+01   3.0010e+00   2.1075e-03             NA
2.7722e+01   3.0010e+00   2.1075e-03             NA
2.7891e+01   3.0010e+00   2.1075e-03             NA
2.8053e+01   3.0010e+00   2.1075e-03             NA
2.8228e+01   3.0010e+00   2.1075e-03             NA
2.8390e+01   3.0010e+00   2.1075e-03             NA
2.8565e+01   3.0010e+00   2.1075e-03             NA
2.8729e+01   3.0010e+00   2.1080e-03             NA
2.8895e+01   3.0010e+00   2.1075e-03             NA
2.9065e+01   3.0010e+00   2.1080e-03             NA
2.9228e+01   3.0010e+00   2.1080e-03             NA
2.9392e+01   3.0010e+00   2.1075e-03             NA
2.9554e+01   3.0010e+00   2.1080e-03             NA
2.9722e+01   3.0010e+00   2.1075e-03             NA
2.9877e+01   3.0010e+00   2.1075e-03             NA
3.0033e+01   3.0010e+00   2.1075e-03             NA
3.0063e+01   3.0010e+00   2.1075e-03             NA
3.0403e+01   3.0010e+00   2.1075e-03             NA
3.0601e+01   3.0010e+00   2.1075e-03             NA
3.0795e+01   3.0010e+00   2.1075e-03             NA
3.0984e+01   3.0010e+00   2.1075e-03             NA
3.1178e+01   3.0010e+00   2.1075e-03             NA
3.1365e+01   3.0010e+00   2.1075e-03             NA
3.1563e+01   3.0010e+00   2.1075e-03             NA
3.1761e+01   3.0010e+00   2.1075e-03             NA
3.1835e+01   3.0010e+00   2.1075e-03             NA
3.2155e+01   3.0010e+00   2.1075e-03             NA
3.2235e+01   3.0010e+00   2.1075e-03             NA
3.2604e+01   3.0010e+00   2.1075e-03             NA
3.2832e+01   3.0010e+00   2.1075e-03             NA
3.3070e+01   3.0010e+00   2.1075e-03             NA
3.3287e+01   3.0010e+00   2.1075e-03             NA
3.3515e+01   3.0010e+00   2.1075e-03             NA
3.3755e+01   3.0010e+00   2.1075e-03             NA
3.3982e+01   3.0010e+00   2.1075e-03             NA
3.4213e+01   3.0010e+00   2.1075e-03             NA
3.4440e+01   3.0010e+00   2.1075e-03             NA
3.4665e+01   3.0010e+00   2.1075e-03             NA
3.4882e+01   3.0010e+00   2.1075e-03             NA
3.5105e+01   3.0010e+00   2.1075e-03             NA
3.5204e+01   4.0000e+00   2.8015e-03             NA
3.5399e+01   4.0000e+00   2.7915e-03             NA
3.5740e+01   4.0010e+00   2.7950e-03             NA
3.5958e+01   4.0010e+00   2.7955e-03             NA
3.6170e+01   4.0000e+00   2.7875e-03             NA
3.6408e+01   4.0000e+00   2.7700e-03             NA
3.6633e+01   4.0000e+00   2.7865e-03             NA
3.6849e+01   4.0010e+00   2.8095e-03             NA
3.7077e+01   4.0000e+00   2.8680e-03             NA
3.7308e+01   4.0000e+00   2.8730e-03             NA
3.7532e+01   4.0010e+00   2.8745e-03             NA
3.7749e+01   4.0010e+00   2.8770e-03             NA
3.7997e+01   4.0000e+00   2.8790e-03             NA
3.8214e+01   4.0000e+00   2.8795e-03             NA
3.8434e+01   4.0000e+00   2.8805e-03             NA
3.8650e+01   4.0010e+00   2.8805e-03             NA
3.8864e+01   4.0000e+00   2.8810e-03             NA
3.9090e+01   4.0000e+00   2.8810e-03             NA
3.9389e+01   3.0010e+00   2.1625e-03             NA
3.9640e+01   3.0010e+00   2.1625e-03             NA
3.9883e+01   3.0010e+00   2.1625e-03             NA
4.0117e+01   3.0010e+00   2.1630e-03             NA
4.0167e+01   3.0010e+00   2.1630e-03             NA
4.0562e+01   3.0010e+00   2.1630e-03             NA
4.0802e+01   3.0010e+00   2.1625e-03             NA
4.1031e+01   3.0010e+00   2.1630e-03             NA
4.1268e+01   3.0010e+00   2.1625e-03             NA
4.1501e+01   3.0010e+00   2.1630e-03             NA
4.1723e+01   3.0010e+00   2.1625e-03             NA
4.1947e+01   3.0010e+00   2.1630e-03             NA
4.2184e+01   3.0010e+00   2.1630e-03             NA
4.2425e+01   3.0010e+00   2.1625e-03             NA
4.2658e+01   3.0010e+00   2.1630e-03             NA
4.2896e+01   3.0010e+00   2.1625e-03             NA
4.3126e+01   3.0010e+00   2.1625e-03             NA
4.3344e+01   3.0010e+00   2.1625e-03             NA
4.3564e+01   3.0010e+00   2.1625e-03             NA
4.3786e+01   3.0010e+00   2.1625e-03             NA
4.4015e+01   3.0010e+00   2.1625e-03             NA
4.4234e+01   3.0010e+00   2.1625e-03             NA
4.4459e+01   3.0010e+00   2.1625e-03             NA
4.4681e+01   3.0010e+00   2.1630e-03             NA
4.4903e+01   3.0010e+00   2.1630e-03             NA
4.5136e+01   3.0010e+00   2.1625e-03             NA
4.5367e+01   3.0010e+00   2.1630e-03             NA
4.5597e+01   3.0010e+00   2.1630e-03             NA
4.5821e+01   3.0010e+00   2.1630e-03             NA
4.6041e+01   3.0010e+00   2.1630e-03             NA
4.6273e+01   3.0010e+00   2.1630e-03             NA
4.6500e+01   3.0010e+00   2.1630e-03             NA
4.6541e+01   3.0010e+00   2.1630e-03             NA
4.6919e+01   3.0010e+00   2.1630e-03             NA
4.7144e+01   3.0010e+00   2.1630e-03             NA
4.7389e+01   3.0010e+00   2.1630e-03             NA
4.7638e+01   3.0010e+00   2.1630e-03             NA
4.7864e+01   3.0010e+00   2.1630e-03             NA
4.8077e+01   3.0010e+00   2.1630e-03             NA
4.8300e+01   3.0010e+00   2.1630e-03             NA
4.8524e+01   3.0010e+00   2.1630e-03             NA
4.8768e+01   3.0010e+00   2.1625e-03             NA
4.9010e+01   3.0010e+00   2.1630e-03             NA
4.9057e+01   3.0010e+00   2.1625e-03             NA
4.9438e+01   3.0010e+00   2.1630e-03             NA
4.9670e+01   3.0010e+00   2.1630e-03             NA
4.9912e+01   3.0010e+00   2.1630e-03             NA
5.0128e+01   3.0010e+00   2.1630e-03             NA
5.0169e+01   3.0010e+00   2.1630e-03             NA
5.0541e+01   3.0010e+00   2.1630e-03             NA
5.0774e+01   3.0010e+00   2.1630e-03             NA
5.0997e+01   3.0010e+00   2.1630e-03             NA
5.1224e+01   3.0010e+00   2.1630e-03             NA
5.1434e+01   3.0010e+00   2.1625e-03             NA
5.1653e+01   3.0010e+00   2.1625e-03             NA
5.1742e+01   3.0010e+00   2.1630e-03             NA
5.2067e+01   3.0010e+00   2.1630e-03             NA
5.2280e+01   3.0010e+00   2.1625e-03             NA
5.2492e+01   3.0010e+00   2.1625e-03             NA
5.2760e+01   2.0010e+00   1.4430e-03             NA
5.2976e+01   2.0010e+00   1.4430e-03             NA
5.3035e+01   2.0010e+00   1.4430e-03             NA
5.3364e+01   2.0010e+00   1.4430e-03             NA
5.3568e+01   2.0010e+00   1.4430e-03             NA
5.3767e+01   2.0010e+00   1.4430e-03             NA
5.3946e+01   2.0010e+00   1.4430e-03             NA
5.4130e+01   2.0010e+00   1.4430e-03             NA
5.4315e+01   2.0010e+00   1.4430e-03             NA
5.4504e+01   2.0010e+00   1.4430e-03             NA
5.4687e+01   2.0010e+00   1.4430e-03             NA
5.4934e+01   2.0010e+00   1.4430e-03             NA
5.5145e+01   2.0010e+00   1.4430e-03             NA
5.5235e+01   2.0010e+00   1.4430e-03             NA
5.5505e+01   2.0010e+00   1.4430e-03             NA
5.5714e+01   2.0010e+00   1.4430e-03             NA
5.5929e+01   2.0010e+00   1.4430e-03             NA
5.6147e+01   2.0010e+00   1.4430e-03             NA
5.6371e+01   2.0010e+00   1.4430e-03             NA
5.6626e+01   2.0010e+00   1.4430e-03             NA
5.6835e+01   2.0010e+00   1.4430e-03             NA
5.7042e+01   2.0010e+00   1.4430e-03             NA
5.7236e+01   2.0010e+00   1.4430e-03             NA
5.7431e+01   2.0010e+00   1.4430e-03             NA
5.7631e+01   2.0010e+00   1.4430e-03             NA
5.7846e+01   2.0010e+00   1.4430e-03             NA
5.8051e+01   2.0010e+00   1.4430e-03             NA
5.8218e+01   2.0010e+00   1.4430e-03             NA
5.8378e+01   2.0010e+00   1.4430e-03             NA
5.8542e+01   2.0010e+00   1.4430e-03             NA
5.8699e+01   2.0010e+00   1.4430e-03             NA
5.8866e+01   2.0010e+00   1.4430e-03             NA
5.9026e+01   2.0010e+00   1.4430e-03             NA
5.9195e+01   2.0010e+00   1.4430e-03             NA
5.9354e+01   2.0010e+00   1.4430e-03             NA
5.9521e+01   2.0010e+00   1.4430e-03             NA
5.9686e+01   2.0010e+00   1.4430e-03             NA
5.9847e+01   2.0010e+00   1.4430e-03             NA
6.0009e+01   2.0010e+00   1.4430e-03             NA
6.0042e+01   2.0010e+00   1.4430e-03             NA
6.0329e+01   2.0010e+00   1.4430e-03             NA
6.0494e+01   2.0010e+00   1.4430e-03             NA
6.0690e+01   2.0010e+00   1.4430e-03             NA
6.0879e+01   2.0010e+00   1.4430e-03             NA
6.1058e+01   2.0010e+00   1.4430e-03             NA
6.1218e+01   2.0010e+00   1.4430e-03             NA
6.1385e+01   2.0010e+00   1.4430e-03             NA
6.1559e+01   2.0010e+00   1.4430e-03             NA
6.1761e+01   1.0000e+00   7.2200e-04             NA
6.1935e+01   1.0000e+00   7.2200e-04             NA
6.2098e+01   1.0000e+00   7.2200e-04             NA
6.2271e+01   1.0000e+00   7.2200e-04             NA
6.2424e+01   1.0000e+00   7.2200e-04             NA
6.2597e+01   1.0000e+00   7.2200e-04             NA
6.2762e+01   1.0000e+00   7.2200e-04             NA
6.2923e+01   1.0000e+00   7.2200e-04             NA
6.3082e+01   1.0000e+00   7.2200e-04             NA
6.3241e+01   1.0000e+00   7.2200e-04             NA
6.3401e+01   1.0000e+00   7.2200e-04             NA
6.3578e+01   1.0000e+00   7.2150e-04             NA
6.3751e+01   1.0000e+00   7.2200e-04             NA
6.3931e+01   1.0000e+00   7.2150e-04             NA
6.4090e+01   1.0000e+00   7.2200e-04             NA
6.4263e+01   1.0000e+00   7.2200e-04             NA
6.4427e+01   1.0000e+00   7.2200e-04             NA
6.4607e+01   1.0000e+00   7.2200e-04             NA
6.4768e+01   1.0000e+00   7.2200e-04             NA
6.4933e+01   1.0010e+00   7.2200e-04             NA
6.5102e+01   1.0000e+00   7.2150e-04             NA
6.5266e+01   1.0000e+00   7.2200e-04             NA
6.5430e+01   1.0000e+00   7.2150e-04             NA
6.5606e+01   1.0000e+00   7.2150e-04             NA
6.5640e+01   1.0000e+00   7.2150e-04             NA
6.5930e+01   1.0000e+00   7.2150e-04             NA
6.6100e+01   1.0000e+00   7.2200e-04             NA
6.6275e+01   1.0000e+00   7.2200e-04             NA
6.6437e+01   1.0000e+00   7.2150e-04             NA
6.6616e+01   1.0000e+00   7.2200e-04             NA
6.6820e+01   1.0000e+00   7.2200e-04             NA
6.6995e+01   1.0000e+00   7.2200e-04             NA
6.7160e+01   1.0000e+00   7.2200e-04             NA
6.7324e+01   1.0000e+00   7.2150e-04             NA
6.7497e+01   1.0000e+00   7.2200e-04             NA
6.7690e+01   1.0000e+00   7.2200e-04             NA
6.7851e+01   1.0000e+00   7.2200e-04             NA
6.8024e+01   1.0000e+00   7.2200e-04             NA
6.8174e+01   1.0000e+00   7.2200e-04             NA
6.8330e+01   1.0000e+00   7.2200e-04             NA
6.8493e+01   1.0000e+00   7.2200e-04             NA
6.8674e+01   1.0000e+00   7.2200e-04             NA
6.8845e+01   1.0010e+00   7.2150e-04             NA
6.9019e+01   1.0000e+00   7.2200e-04             NA
6.9181e+01   1.0000e+00   7.2200e-04             NA
6.9350e+01   1.0000e+00   7.2150e-04             NA
6.9508e+01   1.0000e+00   7.2200e-04             NA
6.9693e+01   1.0000e+00   7.2200e-04             NA
6.9848e+01   1.0000e+00   7.2200e-04             NA
7.0013e+01   1.0000e+00   7.2200e-04             NA
7.0045e+01   1.0000e+00   7.2200e-04             NA
7.0334e+01   1.0000e+00   7.2150e-04             NA
7.0500e+01   1.0000e+00   7.2200e-04             NA
7.0685e+01   1.0000e+00   7.2200e-04             NA
7.0844e+01   1.0000e+00   7.2150e-04             NA
7.1010e+01   1.0000e+00   7.2150e-04             NA
7.1168e+01   1.0000e+00   7.2200e-04             NA
7.1337e+01   1.0000e+00   7.2200e-04             NA
7.1496e+01   1.0000e+00   7.2150e-04             NA
7.1664e+01   1.0000e+00   7.2200e-04             NA
7.1837e+01   1.0000e+00   7.2150e-04             NA
7.2002e+01   1.0000e+00   7.2150e-04             NA
7.2170e+01   1.0000e+00   7.2150e-04             NA
7.2342e+01   1.0000e+00   7.2200e-04             NA
7.2519e+01   1.0000e+00   7.2150e-04             NA
7.2709e+01   1.0010e+00   7.2200e-04             NA
7.2882e+01   1.0000e+00   7.2200e-04             NA
7.3039e+01   1.0000e+00   7.2200e-04             NA
7.3213e+01   1.0000e+00   7.2200e-04             NA
7.3379e+01   1.0000e+00   7.2150e-04             NA
7.3555e+01   1.0000e+00   7.2200e-04             NA
7.3727e+01   1.0000e+00   7.2200e-04             NA
7.3890e+01   1.0000e+00   7.2200e-04             NA
7.4051e+01   1.0000e+00   7.2150e-04             NA
7.4263e+01   1.0000e+00   7.2200e-04             NA
7.4437e+01   1.0000e+00   7.2200e-04             NA
7.4619e+01   1.0000e+00   7.2200e-04             NA
7.4809e+01   1.0000e+00   7.2150e-04             NA
7.4976e+01   1.0000e+00   7.2150e-04             NA
7.5144e+01   1.0000e+00   7.2150e-04             NA
7.5303e+01   1.0000e+00   7.2150e-04             NA
7.5457e+01   1.0000e+00   7.2150e-04             NA
7.5625e+01   1.0000e+00   7.2150e-04             NA
7.5792e+01   1.0000e+00   7.2200e-04             NA
7.5969e+01   1.0000e+00   7.2200e-04             NA
7.6134e+01   1.0000e+00   7.2150e-04             NA
7.6299e+01   1.0000e+00   7.2200e-04             NA
7.6474e+01   1.0000e+00   7.2200e-04             NA
7.6638e+01   1.0000e+00   7.2200e-04             NA
7.6811e+01   1.0000e+00   7.2200e-04             NA
7.6977e+01   1.0000e+00   7.2150e-04             NA
7.7141e+01   1.0000e+00   7.2200e-04             NA
7.7307e+01   1.0000e+00   7.2200e-04             NA
7.7464e+01   1.0000e+00   7.2200e-04             NA
7.7630e+01   1.0000e+00   7.2150e-04             NA
7.7793e+01   1.0000e+00   7.2200e-04             NA
7.7952e+01   1.0000e+00   7.2200e-04             NA
7.8134e+01   1.0000e+00   7.2200e-04             NA
7.8286e+01   1.0000e+00   7.2200e-04             NA
7.8443e+01   1.0000e+00   7.2200e-04             NA
7.8609e+01   1.0000e+00   7.2200e-04             NA
Finised 

