
2.1920e-02   1.0000e+00   6.3750e-04             NA
1.2605e-01   1.0000e+00   6.3750e-04             NA
2.1916e-01   1.0000e+00   6.3750e-04             NA
3.1924e-01   1.0000e+00   6.3750e-04             NA
4.1842e-01   1.0000e+00   6.3750e-04             NA
5.1898e-01   1.0000e+00   6.3750e-04             NA
6.1902e-01   1.0000e+00   6.3750e-04             NA
7.2014e-01   1.0000e+00   6.3750e-04             NA
8.1903e-01   1.0000e+00   6.3750e-04             NA
9.1896e-01   1.0000e+00   6.3750e-04             NA
1.0205e+00   1.0000e+00   6.3750e-04             NA
1.1192e+00   1.0000e+00   6.3750e-04             NA
1.2214e+00   1.0000e+00   6.3750e-04             NA
1.3200e+00   1.0000e+00   6.3750e-04             NA
1.4187e+00   1.0000e+00   6.3750e-04             NA
1.5208e+00   1.0000e+00   6.3750e-04             NA
1.6199e+00   1.0000e+00   6.3750e-04             NA
1.7188e+00   1.0000e+00   6.3750e-04             NA
1.8200e+00   1.0010e+00   6.3750e-04             NA
1.9195e+00   1.0000e+00   6.3750e-04             NA
2.0188e+00   1.0000e+00   6.3750e-04             NA
2.1199e+00   1.0000e+00   6.3750e-04             NA
2.2202e+00   1.0000e+00   6.3750e-04             NA
2.3188e+00   1.0000e+00   6.3750e-04             NA
2.4222e+00   1.0000e+00   6.3750e-04             NA
2.5183e+00   1.0000e+00   6.3750e-04             NA
2.6199e+00   1.0000e+00   6.3750e-04             NA
2.7198e+00   1.0000e+00   6.3750e-04             NA
2.8194e+00   1.0000e+00   6.3750e-04             NA
2.9188e+00   1.0000e+00   6.3750e-04             NA
3.0212e+00   1.0000e+00   6.3750e-04             NA
3.1186e+00   1.0000e+00   6.3750e-04             NA
3.2188e+00   1.0000e+00   6.3750e-04             NA
3.3200e+00   1.0000e+00   6.3750e-04             NA
3.4184e+00   1.0000e+00   6.3750e-04             NA
3.5188e+00   1.0000e+00   6.3750e-04             NA
3.6206e+00   1.0000e+00   6.3750e-04             NA
3.7195e+00   1.0010e+00   6.3750e-04             NA
3.8191e+00   1.0000e+00   6.3750e-04             NA
3.9198e+00   1.0000e+00   6.3750e-04             NA
4.0191e+00   1.0000e+00   6.3750e-04             NA
4.1192e+00   1.0000e+00   6.3750e-04             NA
4.2187e+00   1.0000e+00   6.3750e-04             NA
4.3191e+00   1.0000e+00   6.3750e-04             NA
4.4193e+00   1.0000e+00   6.3750e-04             NA
4.5185e+00   1.0000e+00   6.3750e-04             NA
4.6193e+00   1.0000e+00   6.3750e-04             NA
4.7192e+00   1.0000e+00   6.3750e-04             NA
4.8185e+00   1.0000e+00   6.3750e-04             NA
4.9195e+00   1.0000e+00   6.3750e-04             NA
5.0191e+00   1.0000e+00   6.3750e-04             NA
5.1197e+00   1.0000e+00   6.3750e-04             NA
5.2187e+00   1.0000e+00   6.3750e-04             NA
5.3190e+00   1.0000e+00   6.3750e-04             NA
5.4196e+00   1.0000e+00   6.3750e-04             NA
5.5186e+00   1.0000e+00   6.3750e-04             NA
5.6188e+00   1.0000e+00   6.3750e-04             NA
5.7195e+00   1.0000e+00   6.3750e-04             NA
5.8185e+00   1.0000e+00   6.3750e-04             NA
5.9188e+00   1.0000e+00   6.3750e-04             NA
6.0198e+00   1.0000e+00   6.3750e-04             NA
6.1183e+00   1.0000e+00   6.3750e-04             NA
6.2200e+00   1.0000e+00   6.3750e-04             NA
6.3195e+00   1.0000e+00   6.3750e-04             NA
6.4188e+00   2.0010e+00   1.2670e-03             NA
6.5203e+00   2.0010e+00   1.2670e-03             NA
6.6203e+00   2.0010e+00   1.2670e-03             NA
6.7199e+00   2.0010e+00   1.2670e-03             NA
6.8202e+00   2.0010e+00   1.2670e-03             NA
6.9211e+00   2.0010e+00   1.2665e-03             NA
7.0350e+00   2.0010e+00   1.2665e-03             NA
7.1190e+00   2.0010e+00   1.2665e-03             NA
7.2214e+00   2.0010e+00   1.2665e-03             NA
7.3207e+00   2.0010e+00   1.2665e-03             NA
7.4198e+00   2.0010e+00   1.2670e-03             NA
7.5210e+00   2.0010e+00   1.2665e-03             NA
7.6207e+00   2.0010e+00   1.2665e-03             NA
7.7187e+00   2.0010e+00   1.2665e-03             NA
7.8203e+00   2.0010e+00   1.2670e-03             NA
7.9198e+00   2.0010e+00   1.2670e-03             NA
8.0212e+00   2.0010e+00   1.2670e-03             NA
8.1217e+00   2.0010e+00   1.2670e-03             NA
8.2236e+00   2.0010e+00   1.2670e-03             NA
8.3199e+00   2.0010e+00   1.2670e-03             NA
8.4219e+00   2.0010e+00   1.2670e-03             NA
8.5198e+00   2.0010e+00   1.2670e-03             NA
8.6216e+00   2.0010e+00   1.2670e-03             NA
8.7215e+00   2.0010e+00   1.2670e-03             NA
8.8195e+00   2.0010e+00   1.2670e-03             NA
8.9212e+00   2.0010e+00   1.2670e-03             NA
9.0188e+00   2.0010e+00   1.2670e-03             NA
9.1201e+00   2.0010e+00   1.2670e-03             NA
9.2213e+00   2.0010e+00   1.2670e-03             NA
9.3197e+00   2.0010e+00   1.2670e-03             NA
9.4203e+00   2.0010e+00   1.2670e-03             NA
9.5214e+00   2.0010e+00   1.2670e-03             NA
9.6210e+00   2.0010e+00   1.2670e-03             NA
9.7202e+00   2.0010e+00   1.2670e-03             NA
9.8189e+00   2.0010e+00   1.2670e-03             NA
9.9200e+00   2.0010e+00   1.2670e-03             NA
1.0019e+01   2.0010e+00   1.2665e-03             NA
1.0121e+01   2.0010e+00   1.2665e-03             NA
1.0220e+01   2.0010e+00   1.2665e-03             NA
1.0318e+01   2.0010e+00   1.2670e-03             NA
1.0420e+01   2.0010e+00   1.2670e-03             NA
1.0520e+01   2.0010e+00   1.2665e-03             NA
1.0619e+01   3.0010e+00   1.8810e-03             NA
1.0719e+01   3.0010e+00   1.8805e-03             NA
1.0820e+01   3.0010e+00   1.8805e-03             NA
1.0919e+01   3.0010e+00   1.8805e-03             NA
1.1019e+01   3.0010e+00   1.8810e-03             NA
1.1120e+01   3.0010e+00   1.8805e-03             NA
1.1219e+01   3.0010e+00   1.8805e-03             NA
1.1320e+01   3.0010e+00   1.8805e-03             NA
1.1419e+01   3.0010e+00   1.8805e-03             NA
1.1519e+01   3.0010e+00   1.8805e-03             NA
1.1621e+01   3.0010e+00   1.8805e-03             NA
1.1720e+01   3.0010e+00   1.8805e-03             NA
1.1819e+01   3.0010e+00   1.8805e-03             NA
1.1922e+01   3.0010e+00   1.8810e-03             NA
1.2022e+01   3.0010e+00   1.8810e-03             NA
1.2120e+01   3.0010e+00   1.8810e-03             NA
1.2219e+01   3.0010e+00   1.8805e-03             NA
1.2321e+01   3.0010e+00   1.8805e-03             NA
1.2421e+01   3.0010e+00   1.8805e-03             NA
1.2520e+01   3.0010e+00   1.8805e-03             NA
1.2622e+01   3.0010e+00   1.8805e-03             NA
1.2719e+01   3.0010e+00   1.8805e-03             NA
1.2822e+01   3.0010e+00   1.8810e-03             NA
1.2920e+01   3.0010e+00   1.8805e-03             NA
1.3020e+01   3.0010e+00   1.8805e-03             NA
1.3120e+01   3.0010e+00   1.8810e-03             NA
1.3221e+01   3.0010e+00   1.8805e-03             NA
1.3318e+01   3.0010e+00   1.8810e-03             NA
1.3421e+01   3.0010e+00   1.8805e-03             NA
1.3520e+01   3.0010e+00   1.8810e-03             NA
1.3619e+01   3.0010e+00   1.8810e-03             NA
1.3720e+01   3.0010e+00   1.8805e-03             NA
1.3820e+01   3.0010e+00   1.8810e-03             NA
1.3920e+01   3.0010e+00   1.8805e-03             NA
1.4019e+01   3.0010e+00   1.8810e-03             NA
1.4119e+01   3.0010e+00   1.8805e-03             NA
1.4219e+01   3.0010e+00   1.8805e-03             NA
1.4320e+01   3.0010e+00   1.8810e-03             NA
1.4420e+01   3.0010e+00   1.8805e-03             NA
1.4519e+01   3.0010e+00   1.8805e-03             NA
1.4619e+01   3.0010e+00   1.8805e-03             NA
1.4719e+01   3.0010e+00   1.8805e-03             NA
1.4819e+01   3.0010e+00   1.8805e-03             NA
1.4919e+01   3.0010e+00   1.8805e-03             NA
1.5019e+01   3.0010e+00   1.8805e-03             NA
1.5119e+01   3.0010e+00   1.8805e-03             NA
1.5219e+01   3.0010e+00   1.8805e-03             NA
1.5319e+01   3.0010e+00   1.8805e-03             NA
1.5419e+01   3.0010e+00   1.8810e-03             NA
1.5519e+01   3.0010e+00   1.8805e-03             NA
1.5620e+01   3.0010e+00   1.8810e-03             NA
1.5719e+01   3.0010e+00   1.8805e-03             NA
1.5820e+01   3.0010e+00   1.8810e-03             NA
1.5920e+01   4.0010e+00   2.4725e-03             NA
1.6019e+01   4.0010e+00   2.4725e-03             NA
1.6119e+01   4.0010e+00   2.4725e-03             NA
1.6219e+01   4.0000e+00   2.4725e-03             NA
1.6319e+01   4.0010e+00   2.4725e-03             NA
1.6418e+01   4.0000e+00   2.4725e-03             NA
1.6519e+01   4.0010e+00   2.4725e-03             NA
1.6619e+01   4.0000e+00   2.4725e-03             NA
1.6718e+01   4.0000e+00   2.4730e-03             NA
1.6819e+01   4.0000e+00   2.4725e-03             NA
1.6919e+01   4.0010e+00   2.4730e-03             NA
1.7019e+01   4.0010e+00   2.4725e-03             NA
1.7119e+01   4.0000e+00   2.4725e-03             NA
1.7220e+01   4.0000e+00   2.4725e-03             NA
1.7319e+01   4.0010e+00   2.4730e-03             NA
1.7418e+01   4.0010e+00   2.4725e-03             NA
1.7519e+01   4.0000e+00   2.4725e-03             NA
1.7619e+01   4.0010e+00   2.4730e-03             NA
1.7719e+01   4.0000e+00   2.4725e-03             NA
1.7820e+01   4.0000e+00   2.4725e-03             NA
1.7919e+01   4.0000e+00   2.4725e-03             NA
1.8019e+01   4.0010e+00   2.4725e-03             NA
1.8120e+01   4.0000e+00   2.4725e-03             NA
1.8221e+01   4.0000e+00   2.4725e-03             NA
1.8319e+01   4.0000e+00   2.4725e-03             NA
1.8419e+01   4.0000e+00   2.4730e-03             NA
1.8519e+01   4.0010e+00   2.4725e-03             NA
1.8618e+01   4.0010e+00   2.4725e-03             NA
1.8982e+01   4.0000e+00   2.4725e-03             NA
1.9026e+01   4.0000e+00   2.4725e-03             NA
1.9120e+01   4.0010e+00   2.4730e-03             NA
1.9220e+01   4.0010e+00   2.4725e-03             NA
1.9319e+01   4.0000e+00   2.4730e-03             NA
1.9419e+01   4.0000e+00   2.4730e-03             NA
1.9520e+01   4.0010e+00   2.4725e-03             NA
1.9620e+01   4.0010e+00   2.4725e-03             NA
1.9719e+01   4.0010e+00   2.4725e-03             NA
1.9820e+01   4.0010e+00   2.4725e-03             NA
1.9919e+01   4.0000e+00   2.4725e-03             NA
2.0020e+01   4.0000e+00   2.4725e-03             NA
2.0121e+01   4.0010e+00   2.4725e-03             NA
2.0219e+01   4.0000e+00   2.4725e-03             NA
2.0319e+01   4.0010e+00   2.4725e-03             NA
2.0421e+01   4.0010e+00   2.4725e-03             NA
2.0519e+01   4.0000e+00   2.4725e-03             NA
2.0619e+01   4.0000e+00   2.4725e-03             NA
2.0721e+01   5.0010e+00   3.0390e-03             NA
2.0820e+01   5.0010e+00   3.0390e-03             NA
2.0920e+01   5.0010e+00   3.0395e-03             NA
2.1021e+01   5.0010e+00   3.0390e-03             NA
2.1119e+01   5.0010e+00   3.0375e-03             NA
2.1220e+01   5.0010e+00   3.0360e-03             NA
2.1320e+01   5.0010e+00   3.0340e-03             NA
2.1419e+01   5.0010e+00   3.0330e-03             NA
2.1518e+01   5.0010e+00   3.0310e-03             NA
2.1620e+01   5.0010e+00   3.0305e-03             NA
2.1719e+01   5.0010e+00   3.0295e-03             NA
2.1818e+01   5.0010e+00   3.0280e-03             NA
2.1920e+01   5.0010e+00   3.0245e-03             NA
2.2019e+01   5.0010e+00   3.0245e-03             NA
2.2120e+01   5.0010e+00   3.0240e-03             NA
2.2222e+01   5.0010e+00   3.0245e-03             NA
2.2319e+01   5.0010e+00   3.0245e-03             NA
2.2420e+01   5.0010e+00   3.0235e-03             NA
2.2518e+01   5.0010e+00   3.0230e-03             NA
2.2622e+01   5.0010e+00   3.0210e-03             NA
2.2719e+01   5.0010e+00   3.0200e-03             NA
2.2818e+01   5.0010e+00   3.0210e-03             NA
2.2918e+01   5.0010e+00   3.0140e-03             NA
2.3021e+01   5.0010e+00   3.0055e-03             NA
2.3121e+01   5.0010e+00   2.9885e-03             NA
2.3222e+01   5.0010e+00   2.9345e-03             NA
2.3320e+01   5.0010e+00   2.8955e-03             NA
2.3420e+01   5.0010e+00   2.9210e-03             NA
2.3518e+01   5.0010e+00   2.9510e-03             NA
2.3620e+01   5.0010e+00   2.9855e-03             NA
2.3719e+01   5.0010e+00   2.9905e-03             NA
2.3818e+01   5.0010e+00   2.9895e-03             NA
2.3919e+01   5.0010e+00   2.9810e-03             NA
2.4019e+01   5.0010e+00   2.9745e-03             NA
2.4119e+01   5.0010e+00   2.9435e-03             NA
2.4221e+01   5.0010e+00   2.8975e-03             NA
2.4319e+01   5.0010e+00   2.9545e-03             NA
2.4419e+01   5.0010e+00   2.9475e-03             NA
2.4518e+01   5.0010e+00   2.9410e-03             NA
2.4619e+01   5.0010e+00   2.9275e-03             NA
2.4719e+01   5.0010e+00   2.9270e-03             NA
2.4820e+01   5.0010e+00   2.8970e-03             NA
2.4918e+01   5.0010e+00   2.8705e-03             NA
2.5019e+01   5.0010e+00   2.9110e-03             NA
2.5120e+01   5.0010e+00   2.8905e-03             NA
2.5219e+01   5.0010e+00   2.8885e-03             NA
2.5318e+01   5.0010e+00   2.8765e-03             NA
2.5420e+01   5.0010e+00   2.9410e-03             NA
2.5519e+01   5.0010e+00   2.9385e-03             NA
2.5618e+01   5.0010e+00   2.9360e-03             NA
2.5719e+01   5.0010e+00   2.9185e-03             NA
2.5819e+01   5.0010e+00   2.8880e-03             NA
2.5918e+01   5.0010e+00   2.8680e-03             NA
2.6019e+01   5.0010e+00   2.8600e-03             NA
2.6119e+01   5.0010e+00   2.9095e-03             NA
2.6219e+01   5.0010e+00   2.8960e-03             NA
2.6319e+01   5.0010e+00   2.8965e-03             NA
2.6419e+01   5.0010e+00   2.8715e-03             NA
2.6518e+01   5.0010e+00   2.8710e-03             NA
2.6618e+01   5.0010e+00   2.8610e-03             NA
2.6720e+01   5.0010e+00   2.8645e-03             NA
2.6819e+01   5.0010e+00   2.8715e-03             NA
2.6919e+01   5.0010e+00   2.8795e-03             NA
2.7020e+01   5.0010e+00   2.9105e-03             NA
2.7119e+01   5.0010e+00   2.9030e-03             NA
2.7218e+01   5.0010e+00   2.8900e-03             NA
2.7320e+01   5.0010e+00   2.8750e-03             NA
2.7419e+01   5.0010e+00   2.8785e-03             NA
2.7519e+01   5.0010e+00   2.8690e-03             NA
2.7619e+01   5.0010e+00   2.8665e-03             NA
2.7718e+01   4.0000e+00   2.3635e-03             NA
2.7819e+01   4.0010e+00   2.3645e-03             NA
2.7920e+01   4.0010e+00   2.3635e-03             NA
2.8018e+01   4.0010e+00   2.3640e-03             NA
2.8119e+01   4.0000e+00   2.3680e-03             NA
2.8219e+01   4.0000e+00   2.3680e-03             NA
2.8318e+01   4.0000e+00   2.3680e-03             NA
2.8419e+01   4.0000e+00   2.3680e-03             NA
2.8519e+01   4.0010e+00   2.3690e-03             NA
2.8618e+01   4.0000e+00   2.3695e-03             NA
2.8718e+01   4.0010e+00   2.3700e-03             NA
2.8819e+01   4.0000e+00   2.3685e-03             NA
2.8919e+01   4.0010e+00   2.3685e-03             NA
2.9018e+01   4.0010e+00   2.3690e-03             NA
2.9119e+01   4.0000e+00   2.3690e-03             NA
2.9219e+01   4.0000e+00   2.3705e-03             NA
2.9318e+01   4.0000e+00   2.3700e-03             NA
2.9419e+01   4.0000e+00   2.3730e-03             NA
2.9519e+01   4.0000e+00   2.3735e-03             NA
2.9618e+01   4.0000e+00   2.3735e-03             NA
2.9719e+01   4.0000e+00   2.3755e-03             NA
2.9821e+01   4.0000e+00   2.3760e-03             NA
2.9918e+01   4.0010e+00   2.3765e-03             NA
3.0019e+01   4.0010e+00   2.3780e-03             NA
3.0120e+01   4.0010e+00   2.3780e-03             NA
3.0218e+01   4.0000e+00   2.3780e-03             NA
3.0319e+01   4.0000e+00   2.3790e-03             NA
3.0419e+01   4.0010e+00   2.3805e-03             NA
3.0518e+01   4.0000e+00   2.3810e-03             NA
3.0618e+01   4.0010e+00   2.3815e-03             NA
3.0719e+01   4.0000e+00   2.3805e-03             NA
3.0818e+01   4.0000e+00   2.3820e-03             NA
3.0918e+01   4.0000e+00   2.3810e-03             NA
3.1020e+01   4.0000e+00   2.3810e-03             NA
3.1119e+01   4.0000e+00   2.3815e-03             NA
3.1218e+01   4.0000e+00   2.3820e-03             NA
3.1319e+01   4.0010e+00   2.3810e-03             NA
3.1420e+01   4.0000e+00   2.3800e-03             NA
3.1519e+01   4.0010e+00   2.3810e-03             NA
3.1619e+01   4.0010e+00   2.3820e-03             NA
3.1719e+01   4.0010e+00   2.3815e-03             NA
3.1818e+01   4.0010e+00   2.3830e-03             NA
3.1919e+01   4.0000e+00   2.3820e-03             NA
3.2019e+01   4.0000e+00   2.3825e-03             NA
3.2118e+01   4.0000e+00   2.3815e-03             NA
3.2219e+01   4.0000e+00   2.3830e-03             NA
3.2319e+01   4.0010e+00   2.3840e-03             NA
3.2418e+01   4.0010e+00   2.3840e-03             NA
3.2518e+01   4.0000e+00   2.3845e-03             NA
3.2619e+01   4.0010e+00   2.3855e-03             NA
3.2719e+01   4.0010e+00   2.3840e-03             NA
3.2818e+01   4.0000e+00   2.3840e-03             NA
3.2920e+01   4.0010e+00   2.3855e-03             NA
3.3020e+01   4.0000e+00   2.3860e-03             NA
3.3118e+01   4.0010e+00   2.3870e-03             NA
3.3219e+01   4.0000e+00   2.3840e-03             NA
3.3319e+01   4.0000e+00   2.3855e-03             NA
3.3419e+01   4.0000e+00   2.3850e-03             NA
3.3519e+01   4.0010e+00   2.3855e-03             NA
3.3621e+01   4.0000e+00   2.3840e-03             NA
3.3719e+01   4.0000e+00   2.3845e-03             NA
3.3818e+01   4.0000e+00   2.3845e-03             NA
3.3919e+01   4.0000e+00   2.3850e-03             NA
3.4019e+01   4.0010e+00   2.3850e-03             NA
3.4118e+01   4.0010e+00   2.3865e-03             NA
3.4219e+01   4.0000e+00   2.3860e-03             NA
3.4319e+01   4.0010e+00   2.3870e-03             NA
3.4420e+01   4.0000e+00   2.3860e-03             NA
3.4519e+01   4.0010e+00   2.3875e-03             NA
3.4618e+01   4.0000e+00   2.3870e-03             NA
3.4719e+01   4.0010e+00   2.3875e-03             NA
3.4820e+01   4.0000e+00   2.3870e-03             NA
3.4918e+01   4.0000e+00   2.3885e-03             NA
3.5019e+01   4.0000e+00   2.3875e-03             NA
3.5119e+01   4.0010e+00   2.3885e-03             NA
3.5218e+01   4.0010e+00   2.3885e-03             NA
3.5319e+01   4.0000e+00   2.3890e-03             NA
3.5419e+01   4.0000e+00   2.3905e-03             NA
3.5519e+01   4.0010e+00   2.3905e-03             NA
3.5618e+01   4.0010e+00   2.3890e-03             NA
3.5719e+01   4.0000e+00   2.3895e-03             NA
3.5819e+01   4.0010e+00   2.3895e-03             NA
3.5918e+01   4.0000e+00   2.3900e-03             NA
3.6019e+01   4.0010e+00   2.3905e-03             NA
3.6119e+01   4.0000e+00   2.3925e-03             NA
3.6218e+01   4.0000e+00   2.3930e-03             NA
3.6319e+01   4.0010e+00   2.3920e-03             NA
3.6419e+01   4.0010e+00   2.3920e-03             NA
3.6518e+01   4.0000e+00   2.3925e-03             NA
3.6618e+01   4.0010e+00   2.3920e-03             NA
3.6719e+01   3.0010e+00   1.8110e-03             NA
3.6818e+01   3.0010e+00   1.8110e-03             NA
3.6918e+01   3.0010e+00   1.8105e-03             NA
3.7019e+01   3.0010e+00   1.8110e-03             NA
3.7118e+01   3.0010e+00   1.8100e-03             NA
3.7218e+01   3.0010e+00   1.8105e-03             NA
3.7319e+01   3.0010e+00   1.8105e-03             NA
3.7418e+01   3.0010e+00   1.8110e-03             NA
3.7519e+01   3.0010e+00   1.8105e-03             NA
3.7619e+01   3.0010e+00   1.8105e-03             NA
3.7718e+01   3.0010e+00   1.8105e-03             NA
3.7823e+01   3.0010e+00   1.8105e-03             NA
3.7920e+01   3.0010e+00   1.8110e-03             NA
3.8018e+01   3.0010e+00   1.8105e-03             NA
3.8118e+01   3.0010e+00   1.8110e-03             NA
3.8221e+01   3.0010e+00   1.8105e-03             NA
3.8318e+01   3.0010e+00   1.8115e-03             NA
3.8418e+01   3.0010e+00   1.8110e-03             NA
3.8519e+01   3.0010e+00   1.8110e-03             NA
3.8620e+01   3.0010e+00   1.8105e-03             NA
3.8718e+01   3.0010e+00   1.8105e-03             NA
3.8820e+01   3.0010e+00   1.8105e-03             NA
3.8918e+01   3.0010e+00   1.8105e-03             NA
3.9020e+01   3.0010e+00   1.8105e-03             NA
3.9120e+01   3.0010e+00   1.8105e-03             NA
3.9219e+01   3.0010e+00   1.8105e-03             NA
3.9318e+01   3.0010e+00   1.8105e-03             NA
3.9419e+01   3.0010e+00   1.8105e-03             NA
3.9518e+01   3.0010e+00   1.8105e-03             NA
3.9618e+01   3.0010e+00   1.8105e-03             NA
3.9719e+01   3.0010e+00   1.8100e-03             NA
3.9819e+01   3.0010e+00   1.8100e-03             NA
3.9918e+01   3.0010e+00   1.8105e-03             NA
4.0019e+01   3.0010e+00   1.8105e-03             NA
4.0119e+01   3.0010e+00   1.8110e-03             NA
4.0218e+01   3.0010e+00   1.8105e-03             NA
4.0319e+01   3.0010e+00   1.8105e-03             NA
4.0419e+01   3.0010e+00   1.8110e-03             NA
4.0518e+01   3.0010e+00   1.8110e-03             NA
4.0619e+01   3.0010e+00   1.8100e-03             NA
4.0719e+01   3.0010e+00   1.8110e-03             NA
4.0819e+01   3.0010e+00   1.8105e-03             NA
4.0919e+01   3.0010e+00   1.8110e-03             NA
4.1019e+01   3.0010e+00   1.8110e-03             NA
4.1118e+01   2.0010e+00   1.2145e-03             NA
4.1219e+01   2.0010e+00   1.2145e-03             NA
4.1319e+01   2.0010e+00   1.2140e-03             NA
4.1418e+01   2.0010e+00   1.2140e-03             NA
4.1519e+01   2.0010e+00   1.2140e-03             NA
4.1618e+01   2.0010e+00   1.2145e-03             NA
4.1719e+01   2.0010e+00   1.2140e-03             NA
4.1819e+01   2.0010e+00   1.2140e-03             NA
4.1919e+01   2.0010e+00   1.2140e-03             NA
4.2020e+01   2.0010e+00   1.2140e-03             NA
4.2119e+01   2.0010e+00   1.2145e-03             NA
4.2219e+01   2.0010e+00   1.2145e-03             NA
4.2318e+01   2.0010e+00   1.2145e-03             NA
4.2419e+01   2.0010e+00   1.2145e-03             NA
4.2519e+01   2.0010e+00   1.2140e-03             NA
4.2619e+01   2.0010e+00   1.2145e-03             NA
4.2719e+01   2.0010e+00   1.2145e-03             NA
4.2820e+01   2.0010e+00   1.2145e-03             NA
4.2918e+01   2.0010e+00   1.2140e-03             NA
4.3020e+01   2.0010e+00   1.2140e-03             NA
4.3119e+01   2.0010e+00   1.2140e-03             NA
4.3218e+01   2.0010e+00   1.2145e-03             NA
4.3319e+01   2.0010e+00   1.2145e-03             NA
4.3418e+01   2.0010e+00   1.2140e-03             NA
4.3518e+01   2.0010e+00   1.2140e-03             NA
4.3619e+01   2.0010e+00   1.2145e-03             NA
4.3718e+01   2.0010e+00   1.2140e-03             NA
4.3819e+01   2.0010e+00   1.2140e-03             NA
4.3919e+01   2.0010e+00   1.2140e-03             NA
4.4018e+01   2.0010e+00   1.2145e-03             NA
4.4118e+01   2.0010e+00   1.2140e-03             NA
4.4219e+01   2.0010e+00   1.2140e-03             NA
4.4319e+01   2.0010e+00   1.2140e-03             NA
4.4418e+01   2.0010e+00   1.2140e-03             NA
4.4519e+01   2.0010e+00   1.2145e-03             NA
4.4619e+01   2.0010e+00   1.2145e-03             NA
4.4719e+01   2.0010e+00   1.2145e-03             NA
4.4818e+01   2.0010e+00   1.2140e-03             NA
4.4919e+01   2.0010e+00   1.2145e-03             NA
4.5019e+01   2.0010e+00   1.2145e-03             NA
4.5118e+01   2.0010e+00   1.2145e-03             NA
4.5218e+01   2.0010e+00   1.2140e-03             NA
4.5319e+01   2.0010e+00   1.2145e-03             NA
4.5418e+01   2.0010e+00   1.2140e-03             NA
4.5519e+01   2.0010e+00   1.2140e-03             NA
4.5619e+01   2.0010e+00   1.2145e-03             NA
4.5718e+01   2.0010e+00   1.2145e-03             NA
4.5819e+01   2.0010e+00   1.2140e-03             NA
4.5920e+01   2.0010e+00   1.2145e-03             NA
4.6019e+01   2.0010e+00   1.2145e-03             NA
4.6118e+01   1.0000e+00   6.0950e-04             NA
4.6220e+01   1.0000e+00   6.0950e-04             NA
4.6318e+01   1.0000e+00   6.0950e-04             NA
4.6418e+01   1.0000e+00   6.0950e-04             NA
4.6520e+01   1.0000e+00   6.0950e-04             NA
4.6619e+01   1.0000e+00   6.0950e-04             NA
4.6718e+01   1.0000e+00   6.0950e-04             NA
4.6819e+01   1.0000e+00   6.0950e-04             NA
4.6919e+01   1.0000e+00   6.0950e-04             NA
4.7018e+01   1.0000e+00   6.0950e-04             NA
4.7119e+01   1.0000e+00   6.0950e-04             NA
4.7219e+01   1.0000e+00   6.0950e-04             NA
4.7318e+01   1.0000e+00   6.0950e-04             NA
4.7419e+01   1.0000e+00   6.0950e-04             NA
4.7519e+01   1.0000e+00   6.0950e-04             NA
4.7620e+01   1.0000e+00   6.0950e-04             NA
4.7719e+01   1.0000e+00   6.0950e-04             NA
4.7818e+01   1.0000e+00   6.0950e-04             NA
4.7919e+01   1.0000e+00   6.0950e-04             NA
4.8018e+01   1.0000e+00   6.0950e-04             NA
4.8119e+01   1.0000e+00   6.0950e-04             NA
4.8220e+01   1.0000e+00   6.0950e-04             NA
4.8319e+01   1.0000e+00   6.0950e-04             NA
4.8418e+01   1.0000e+00   6.0950e-04             NA
4.8518e+01   1.0000e+00   6.0950e-04             NA
4.8619e+01   1.0000e+00   6.0950e-04             NA
4.8718e+01   1.0000e+00   6.0950e-04             NA
4.8818e+01   1.0000e+00   6.0950e-04             NA
4.8919e+01   1.0000e+00   6.0950e-04             NA
4.9019e+01   1.0000e+00   6.0950e-04             NA
4.9118e+01   1.0000e+00   6.0950e-04             NA
4.9219e+01   1.0000e+00   6.0950e-04             NA
4.9325e+01   1.0000e+00   6.0950e-04             NA
4.9418e+01   1.0000e+00   6.0950e-04             NA
4.9519e+01   1.0000e+00   6.0950e-04             NA
4.9619e+01   1.0000e+00   6.0950e-04             NA
4.9719e+01   1.0000e+00   6.0950e-04             NA
4.9818e+01   1.0000e+00   6.0950e-04             NA
4.9919e+01   1.0000e+00   6.0950e-04             NA
5.0022e+01   1.0000e+00   6.0950e-04             NA
5.0119e+01   1.0000e+00   6.0950e-04             NA
5.0219e+01   1.0000e+00   6.0950e-04             NA
5.0318e+01   1.0000e+00   6.0950e-04             NA
5.0420e+01   1.0000e+00   6.0950e-04             NA
5.0518e+01   1.0000e+00   6.0950e-04             NA
5.0620e+01   1.0000e+00   6.0950e-04             NA
5.0718e+01   1.0000e+00   6.0950e-04             NA
5.0824e+01   1.0000e+00   6.0950e-04             NA
5.0919e+01   1.0000e+00   6.0950e-04             NA
5.1020e+01   1.0000e+00   6.0950e-04             NA
5.1119e+01   1.0000e+00   6.0950e-04             NA
5.1220e+01   1.0000e+00   6.0950e-04             NA
Finised 

