  Measurement Number     Measurement type
                   2               OnLine

      Measurement ID                     
       739561.825443                     

          Force Mode                Value         MeasureRange
             Voltage                    0         1.000000e-03

    Supply Complince     Integrating time     Refresh interval
        1.000000e-02                    0                    0

        Time      Voltage      Current  Temperature
1.9501e-01   1.0000e+00   6.5500e-04             NA
4.2471e-01   1.0010e+00   6.5500e-04             NA
7.0141e-01   1.0000e+00   6.5500e-04             NA
7.5032e-01   1.0000e+00   6.5500e-04             NA
1.0252e+00   1.0000e+00   6.5500e-04             NA
1.0657e+00   1.0000e+00   6.5500e-04             NA
1.4021e+00   1.0000e+00   6.5500e-04             NA
1.5776e+00   1.0000e+00   6.5500e-04             NA
1.6466e+00   1.0000e+00   6.5500e-04             NA
1.7829e+00   1.0000e+00   6.5500e-04             NA
2.0580e+00   1.0000e+00   6.5500e-04             NA
2.1468e+00   1.0000e+00   6.5500e-04             NA
2.3855e+00   1.0010e+00   6.5500e-04             NA
2.5760e+00   1.0000e+00   6.5500e-04             NA
2.6466e+00   1.0000e+00   6.5500e-04             NA
2.8883e+00   1.0000e+00   6.5500e-04             NA
3.0463e+00   1.0000e+00   6.5500e-04             NA
3.1462e+00   1.0000e+00   6.5500e-04             NA
3.3499e+00   1.0000e+00   6.5500e-04             NA
3.5094e+00   1.0000e+00   6.5500e-04             NA
3.5459e+00   1.0000e+00   6.5500e-04             NA
3.8314e+00   1.0000e+00   6.5500e-04             NA
3.9890e+00   1.0000e+00   6.5500e-04             NA
4.1462e+00   1.0000e+00   6.5500e-04             NA
4.2468e+00   1.0000e+00   6.5500e-04             NA
4.3469e+00   1.0000e+00   6.5500e-04             NA
4.6099e+00   1.0000e+00   6.5500e-04             NA
4.6470e+00   1.0000e+00   6.5500e-04             NA
4.9353e+00   1.0000e+00   6.5500e-04             NA
5.0989e+00   1.0000e+00   6.5500e-04             NA
5.1477e+00   1.0000e+00   6.5500e-04             NA
5.4689e+00   1.0000e+00   6.5500e-04             NA
5.6395e+00   1.0000e+00   6.5500e-04             NA
5.7987e+00   1.0000e+00   6.5500e-04             NA
5.9557e+00   1.0000e+00   6.5500e-04             NA
6.1040e+00   1.0000e+00   6.5500e-04             NA
6.1472e+00   1.0000e+00   6.5500e-04             NA
6.4505e+00   1.0000e+00   6.5500e-04             NA
6.6976e+00   1.0010e+00   6.5500e-04             NA
6.9094e+00   1.0000e+00   6.5500e-04             NA
7.0824e+00   1.0000e+00   6.5500e-04             NA
7.1461e+00   1.0000e+00   6.5500e-04             NA
7.4015e+00   1.0000e+00   6.5500e-04             NA
7.6143e+00   1.0000e+00   6.5500e-04             NA
7.7927e+00   1.0000e+00   6.5500e-04             NA
7.9641e+00   1.0000e+00   6.5500e-04             NA
8.1330e+00   1.0000e+00   6.5500e-04             NA
8.1682e+00   1.0000e+00   6.5500e-04             NA
8.3265e+00   1.0000e+00   6.5500e-04             NA
8.6025e+00   1.0010e+00   6.5500e-04             NA
8.7849e+00   1.0000e+00   6.5500e-04             NA
8.9428e+00   1.0000e+00   6.5500e-04             NA
9.1021e+00   1.0000e+00   6.5500e-04             NA
9.1459e+00   1.0000e+00   6.5500e-04             NA
9.3081e+00   1.0000e+00   6.5500e-04             NA
9.6123e+00   1.0000e+00   6.5500e-04             NA
9.7697e+00   1.0000e+00   6.5500e-04             NA
9.9286e+00   1.0000e+00   6.5500e-04             NA
1.0099e+01   1.0000e+00   6.5500e-04             NA
1.0264e+01   1.0000e+00   6.5500e-04             NA
1.0414e+01   1.0000e+00   6.5500e-04             NA
1.0571e+01   1.0000e+00   6.5500e-04             NA
1.0720e+01   1.0000e+00   6.5500e-04             NA
1.0866e+01   1.0000e+00   6.5500e-04             NA
1.1025e+01   1.0000e+00   6.5500e-04             NA
1.1187e+01   1.0000e+00   6.5500e-04             NA
1.1341e+01   1.0000e+00   6.5500e-04             NA
1.1506e+01   1.0000e+00   6.5550e-04             NA
1.1546e+01   1.0000e+00   6.5500e-04             NA
1.1821e+01   1.0000e+00   6.5500e-04             NA
1.1984e+01   1.0000e+00   6.5500e-04             NA
1.2157e+01   1.0000e+00   6.5500e-04             NA
1.2247e+01   1.0000e+00   6.5500e-04             NA
1.2538e+01   1.0000e+00   6.5500e-04             NA
1.2696e+01   1.0000e+00   6.5500e-04             NA
1.2858e+01   1.0000e+00   6.5500e-04             NA
1.3032e+01   1.0000e+00   6.5500e-04             NA
1.3209e+01   1.0000e+00   6.5500e-04             NA
1.3404e+01   1.0000e+00   6.5500e-04             NA
1.3587e+01   1.0000e+00   6.5500e-04             NA
1.3741e+01   1.0000e+00   6.5500e-04             NA
1.3904e+01   1.0000e+00   6.5500e-04             NA
1.4064e+01   1.0000e+00   6.5500e-04             NA
1.4146e+01   1.0000e+00   6.5500e-04             NA
1.4367e+01   1.0000e+00   6.5500e-04             NA
1.4525e+01   1.0000e+00   6.5500e-04             NA
1.4699e+01   1.0000e+00   6.5500e-04             NA
1.4866e+01   1.0000e+00   6.5500e-04             NA
1.5025e+01   1.0000e+00   6.5500e-04             NA
1.5058e+01   1.0000e+00   6.5500e-04             NA
1.5378e+01   1.0000e+00   6.5500e-04             NA
1.5447e+01   1.0010e+00   6.5500e-04             NA
1.5693e+01   1.0000e+00   6.5500e-04             NA
1.5881e+01   1.0000e+00   6.5500e-04             NA
1.6009e+01   1.0000e+00   6.5500e-04             NA
1.6223e+01   1.0000e+00   6.5500e-04             NA
1.6553e+01   1.0000e+00   6.5500e-04             NA
1.6722e+01   1.0000e+00   6.5500e-04             NA
1.6883e+01   1.0000e+00   6.5500e-04             NA
1.6946e+01   1.0000e+00   6.5500e-04             NA
1.7199e+01   1.0000e+00   6.5500e-04             NA
1.7369e+01   1.0000e+00   6.5500e-04             NA
1.7530e+01   1.0000e+00   6.5500e-04             NA
1.7698e+01   1.0000e+00   6.5500e-04             NA
1.7865e+01   1.0000e+00   6.5500e-04             NA
1.8044e+01   1.0000e+00   6.5500e-04             NA
1.8076e+01   1.0000e+00   6.5500e-04             NA
1.8383e+01   1.0000e+00   6.5500e-04             NA
1.8548e+01   1.0000e+00   6.5500e-04             NA
1.8719e+01   1.0000e+00   6.5500e-04             NA
1.8881e+01   1.0000e+00   6.5500e-04             NA
1.9061e+01   1.0000e+00   6.5500e-04             NA
1.9225e+01   1.0000e+00   6.5500e-04             NA
1.9393e+01   1.0000e+00   6.5500e-04             NA
1.9560e+01   1.0000e+00   6.5500e-04             NA
1.9729e+01   1.0000e+00   6.5500e-04             NA
1.9891e+01   1.0000e+00   6.5500e-04             NA
2.0058e+01   1.0000e+00   6.5500e-04             NA
2.0146e+01   1.0000e+00   6.5500e-04             NA
2.0395e+01   1.0000e+00   6.5500e-04             NA
2.0558e+01   1.0000e+00   6.5500e-04             NA
2.0715e+01   1.0000e+00   6.5500e-04             NA
2.0877e+01   1.0000e+00   6.5500e-04             NA
2.1044e+01   1.0000e+00   6.5500e-04             NA
2.1208e+01   1.0000e+00   6.5500e-04             NA
2.1366e+01   1.0000e+00   6.5500e-04             NA
2.1526e+01   1.0000e+00   6.5500e-04             NA
2.1683e+01   1.0000e+00   6.5500e-04             NA
2.1849e+01   1.0000e+00   6.5500e-04             NA
2.2004e+01   1.0010e+00   6.5500e-04             NA
2.2172e+01   1.0000e+00   6.5500e-04             NA
2.2341e+01   1.0000e+00   6.5500e-04             NA
2.2499e+01   1.0000e+00   6.5500e-04             NA
2.2662e+01   1.0000e+00   6.5500e-04             NA
2.2830e+01   1.0000e+00   6.5500e-04             NA
2.3002e+01   1.0000e+00   6.5500e-04             NA
2.3165e+01   1.0000e+00   6.5500e-04             NA
2.3344e+01   1.0000e+00   6.5500e-04             NA
2.3511e+01   1.0000e+00   6.5500e-04             NA
2.3679e+01   1.0000e+00   6.5500e-04             NA
2.3848e+01   1.0000e+00   6.5500e-04             NA
2.4015e+01   1.0000e+00   6.5500e-04             NA
2.4180e+01   1.0000e+00   6.5500e-04             NA
2.4350e+01   1.0010e+00   6.5500e-04             NA
2.4525e+01   1.0000e+00   6.5500e-04             NA
2.4690e+01   1.0010e+00   6.5500e-04             NA
2.4856e+01   1.0000e+00   6.5500e-04             NA
2.5025e+01   1.0000e+00   6.5500e-04             NA
2.5058e+01   1.0000e+00   6.5500e-04             NA
2.5343e+01   1.0000e+00   6.5500e-04             NA
2.5511e+01   1.0000e+00   6.5500e-04             NA
2.5681e+01   1.0000e+00   6.5500e-04             NA
2.5862e+01   1.0000e+00   6.5500e-04             NA
2.6055e+01   1.0000e+00   6.5500e-04             NA
2.6228e+01   1.0000e+00   6.5500e-04             NA
2.6387e+01   1.0000e+00   6.5500e-04             NA
2.6544e+01   1.0000e+00   6.5500e-04             NA
2.6701e+01   1.0000e+00   6.5500e-04             NA
2.6865e+01   1.0000e+00   6.5500e-04             NA
2.7029e+01   1.0000e+00   6.5500e-04             NA
2.7201e+01   1.0000e+00   6.5500e-04             NA
2.7382e+01   1.0000e+00   6.5500e-04             NA
2.7543e+01   1.0000e+00   6.5500e-04             NA
2.7706e+01   1.0000e+00   6.5500e-04             NA
2.7873e+01   1.0000e+00   6.5500e-04             NA
2.8035e+01   1.0000e+00   6.5500e-04             NA
2.8203e+01   1.0000e+00   6.5500e-04             NA
2.8367e+01   1.0000e+00   6.5500e-04             NA
2.8447e+01   1.0000e+00   6.5500e-04             NA
2.8674e+01   1.0000e+00   6.5500e-04             NA
2.8834e+01   1.0000e+00   6.5500e-04             NA
2.9076e+01   2.0010e+00   1.3015e-03             NA
2.9253e+01   2.0010e+00   1.3015e-03             NA
2.9417e+01   2.0010e+00   1.3015e-03             NA
2.9588e+01   2.0010e+00   1.3015e-03             NA
2.9761e+01   2.0010e+00   1.3015e-03             NA
2.9926e+01   2.0010e+00   1.3015e-03             NA
3.0082e+01   2.0010e+00   1.3015e-03             NA
3.0145e+01   2.0010e+00   1.3015e-03             NA
3.0448e+01   2.0010e+00   1.3015e-03             NA
3.0613e+01   2.0010e+00   1.3015e-03             NA
3.0777e+01   2.0010e+00   1.3015e-03             NA
3.0934e+01   2.0010e+00   1.3015e-03             NA
3.1099e+01   2.0010e+00   1.3020e-03             NA
3.1281e+01   2.0010e+00   1.3015e-03             NA
3.1441e+01   2.0010e+00   1.3015e-03             NA
3.1600e+01   2.0010e+00   1.3015e-03             NA
3.1758e+01   2.0010e+00   1.3015e-03             NA
3.1920e+01   2.0010e+00   1.3015e-03             NA
3.2092e+01   2.0010e+00   1.3015e-03             NA
3.2258e+01   2.0010e+00   1.3015e-03             NA
3.2423e+01   2.0010e+00   1.3015e-03             NA
3.2457e+01   2.0010e+00   1.3015e-03             NA
3.2742e+01   2.0010e+00   1.3015e-03             NA
3.2898e+01   2.0010e+00   1.3015e-03             NA
3.3078e+01   2.0010e+00   1.3015e-03             NA
3.3146e+01   2.0010e+00   1.3015e-03             NA
3.3410e+01   2.0010e+00   1.3015e-03             NA
3.3583e+01   2.0010e+00   1.3015e-03             NA
3.3786e+01   2.0010e+00   1.3015e-03             NA
3.3993e+01   2.0010e+00   1.3020e-03             NA
3.4197e+01   2.0010e+00   1.3015e-03             NA
3.4397e+01   2.0010e+00   1.3015e-03             NA
3.4447e+01   2.0010e+00   1.3015e-03             NA
3.4719e+01   2.0010e+00   1.3015e-03             NA
3.4880e+01   2.0010e+00   1.3015e-03             NA
3.4946e+01   2.0010e+00   1.3015e-03             NA
3.5196e+01   2.0010e+00   1.3015e-03             NA
3.5246e+01   2.0010e+00   1.3015e-03             NA
3.5526e+01   2.0010e+00   1.3015e-03             NA
3.5691e+01   2.0010e+00   1.3020e-03             NA
3.5857e+01   2.0010e+00   1.3015e-03             NA
3.6012e+01   2.0010e+00   1.3015e-03             NA
3.6175e+01   2.0010e+00   1.3015e-03             NA
3.6335e+01   2.0010e+00   1.3015e-03             NA
3.6492e+01   2.0010e+00   1.3015e-03             NA
3.6658e+01   2.0010e+00   1.3015e-03             NA
3.6830e+01   2.0010e+00   1.3015e-03             NA
3.6992e+01   2.0010e+00   1.3015e-03             NA
3.7149e+01   2.0010e+00   1.3015e-03             NA
3.7319e+01   2.0010e+00   1.3015e-03             NA
3.7496e+01   2.0010e+00   1.3015e-03             NA
3.7668e+01   2.0010e+00   1.3015e-03             NA
3.7832e+01   2.0010e+00   1.3015e-03             NA
3.8021e+01   2.0010e+00   1.3015e-03             NA
3.8231e+01   2.0010e+00   1.3020e-03             NA
3.8442e+01   2.0010e+00   1.3015e-03             NA
3.8598e+01   2.0010e+00   1.3015e-03             NA
3.8768e+01   2.0010e+00   1.3015e-03             NA
3.8930e+01   2.0010e+00   1.3015e-03             NA
3.9091e+01   2.0010e+00   1.3015e-03             NA
3.9263e+01   2.0010e+00   1.3015e-03             NA
3.9426e+01   2.0010e+00   1.3015e-03             NA
3.9582e+01   2.0010e+00   1.3015e-03             NA
3.9744e+01   2.0010e+00   1.3015e-03             NA
3.9905e+01   2.0010e+00   1.3015e-03             NA
4.0058e+01   2.0010e+00   1.3015e-03             NA
4.0282e+01   3.0010e+00   1.9315e-03             NA
4.0345e+01   3.0010e+00   1.9315e-03             NA
4.0612e+01   3.0010e+00   1.9315e-03             NA
4.0773e+01   3.0010e+00   1.9315e-03             NA
4.0931e+01   3.0010e+00   1.9315e-03             NA
4.1093e+01   3.0010e+00   1.9315e-03             NA
4.1261e+01   3.0010e+00   1.9315e-03             NA
4.1425e+01   3.0010e+00   1.9315e-03             NA
4.1583e+01   3.0010e+00   1.9315e-03             NA
4.1760e+01   3.0010e+00   1.9315e-03             NA
4.1922e+01   3.0010e+00   1.9315e-03             NA
4.2081e+01   3.0010e+00   1.9315e-03             NA
4.2258e+01   3.0010e+00   1.9315e-03             NA
4.2423e+01   3.0010e+00   1.9315e-03             NA
4.2592e+01   3.0010e+00   1.9315e-03             NA
4.2750e+01   3.0010e+00   1.9315e-03             NA
4.2913e+01   3.0010e+00   1.9310e-03             NA
4.3079e+01   3.0010e+00   1.9315e-03             NA
4.3245e+01   3.0010e+00   1.9315e-03             NA
4.3409e+01   3.0010e+00   1.9315e-03             NA
4.3445e+01   3.0010e+00   1.9310e-03             NA
4.3720e+01   3.0010e+00   1.9315e-03             NA
4.3895e+01   3.0010e+00   1.9310e-03             NA
4.4071e+01   3.0010e+00   1.9315e-03             NA
4.4249e+01   3.0010e+00   1.9315e-03             NA
4.4408e+01   3.0010e+00   1.9310e-03             NA
4.4574e+01   3.0010e+00   1.9315e-03             NA
4.4733e+01   3.0010e+00   1.9315e-03             NA
4.4894e+01   3.0010e+00   1.9315e-03             NA
4.5053e+01   3.0010e+00   1.9310e-03             NA
4.5146e+01   3.0010e+00   1.9315e-03             NA
4.5246e+01   3.0010e+00   1.9315e-03             NA
4.5530e+01   3.0010e+00   1.9315e-03             NA
4.5687e+01   3.0010e+00   1.9315e-03             NA
4.5848e+01   3.0010e+00   1.9315e-03             NA
4.6014e+01   3.0010e+00   1.9315e-03             NA
4.6193e+01   3.0010e+00   1.9315e-03             NA
4.6360e+01   3.0010e+00   1.9315e-03             NA
4.6533e+01   3.0010e+00   1.9315e-03             NA
4.6783e+01   3.0010e+00   1.9310e-03             NA
4.7006e+01   3.0010e+00   1.9310e-03             NA
4.7171e+01   3.0010e+00   1.9315e-03             NA
4.7336e+01   3.0010e+00   1.9310e-03             NA
4.7499e+01   3.0010e+00   1.9310e-03             NA
4.7661e+01   3.0010e+00   1.9310e-03             NA
4.7825e+01   3.0010e+00   1.9310e-03             NA
4.7989e+01   3.0010e+00   1.9310e-03             NA
4.8157e+01   3.0010e+00   1.9310e-03             NA
4.8246e+01   3.0010e+00   1.9310e-03             NA
4.8488e+01   3.0010e+00   1.9310e-03             NA
4.8649e+01   3.0010e+00   1.9310e-03             NA
4.8808e+01   3.0010e+00   1.9310e-03             NA
4.8968e+01   3.0010e+00   1.9310e-03             NA
4.9137e+01   3.0010e+00   1.9315e-03             NA
4.9329e+01   3.0010e+00   1.9310e-03             NA
4.9527e+01   3.0010e+00   1.9310e-03             NA
4.9559e+01   3.0010e+00   1.9310e-03             NA
4.9860e+01   3.0010e+00   1.9310e-03             NA
5.0020e+01   3.0010e+00   1.9310e-03             NA
5.0051e+01   3.0010e+00   1.9310e-03             NA
5.0344e+01   3.0010e+00   1.9310e-03             NA
5.0511e+01   3.0010e+00   1.9315e-03             NA
5.0675e+01   3.0010e+00   1.9310e-03             NA
5.0832e+01   3.0010e+00   1.9310e-03             NA
5.1014e+01   3.0010e+00   1.9315e-03             NA
5.1206e+01   3.0010e+00   1.9315e-03             NA
5.1362e+01   3.0010e+00   1.9310e-03             NA
5.1516e+01   3.0010e+00   1.9310e-03             NA
5.1682e+01   3.0010e+00   1.9310e-03             NA
5.1844e+01   3.0010e+00   1.9310e-03             NA
5.2006e+01   3.0010e+00   1.9310e-03             NA
5.2167e+01   3.0010e+00   1.9310e-03             NA
5.2332e+01   3.0010e+00   1.9310e-03             NA
5.2487e+01   3.0010e+00   1.9315e-03             NA
5.2654e+01   3.0010e+00   1.9315e-03             NA
5.2816e+01   3.0010e+00   1.9315e-03             NA
5.2971e+01   3.0010e+00   1.9310e-03             NA
5.3138e+01   3.0010e+00   1.9315e-03             NA
5.3337e+01   3.0010e+00   1.9310e-03             NA
5.3541e+01   3.0010e+00   1.9315e-03             NA
5.3705e+01   3.0010e+00   1.9315e-03             NA
5.3863e+01   3.0010e+00   1.9310e-03             NA
5.4033e+01   3.0010e+00   1.9315e-03             NA
5.4204e+01   3.0010e+00   1.9315e-03             NA
5.4364e+01   3.0010e+00   1.9315e-03             NA
5.4523e+01   3.0010e+00   1.9315e-03             NA
5.4682e+01   3.0010e+00   1.9315e-03             NA
5.4856e+01   3.0010e+00   1.9315e-03             NA
5.5022e+01   3.0010e+00   1.9315e-03             NA
5.5184e+01   3.0010e+00   1.9315e-03             NA
5.5346e+01   3.0010e+00   1.9315e-03             NA
5.5508e+01   3.0010e+00   1.9315e-03             NA
5.5667e+01   3.0010e+00   1.9315e-03             NA
5.5821e+01   3.0010e+00   1.9315e-03             NA
5.5983e+01   3.0010e+00   1.9315e-03             NA
5.6156e+01   3.0010e+00   1.9315e-03             NA
5.6329e+01   3.0010e+00   1.9315e-03             NA
5.6492e+01   3.0010e+00   1.9315e-03             NA
5.6654e+01   3.0010e+00   1.9315e-03             NA
5.6827e+01   3.0010e+00   1.9315e-03             NA
5.7016e+01   3.0010e+00   1.9315e-03             NA
5.7185e+01   3.0010e+00   1.9315e-03             NA
5.7387e+01   3.0010e+00   1.9315e-03             NA
5.7555e+01   3.0010e+00   1.9310e-03             NA
5.7717e+01   3.0010e+00   1.9315e-03             NA
5.7887e+01   3.0010e+00   1.9310e-03             NA
5.8049e+01   3.0010e+00   1.9315e-03             NA
5.8212e+01   3.0010e+00   1.9315e-03             NA
5.8364e+01   3.0010e+00   1.9310e-03             NA
5.8522e+01   3.0010e+00   1.9315e-03             NA
5.8682e+01   3.0010e+00   1.9315e-03             NA
5.8838e+01   3.0010e+00   1.9315e-03             NA
5.8996e+01   3.0010e+00   1.9315e-03             NA
5.9159e+01   3.0010e+00   1.9315e-03             NA
5.9327e+01   3.0010e+00   1.9315e-03             NA
5.9477e+01   3.0010e+00   1.9315e-03             NA
5.9632e+01   3.0010e+00   1.9315e-03             NA
5.9789e+01   3.0010e+00   1.9315e-03             NA
5.9947e+01   3.0010e+00   1.9315e-03             NA
6.0107e+01   3.0010e+00   1.9315e-03             NA
6.0145e+01   3.0010e+00   1.9315e-03             NA
6.0424e+01   3.0010e+00   1.9315e-03             NA
6.0579e+01   3.0010e+00   1.9315e-03             NA
6.0732e+01   3.0010e+00   1.9315e-03             NA
6.0888e+01   3.0010e+00   1.9315e-03             NA
6.1052e+01   3.0010e+00   1.9315e-03             NA
6.1204e+01   3.0010e+00   1.9315e-03             NA
6.1392e+01   3.0010e+00   1.9315e-03             NA
6.1548e+01   3.0010e+00   1.9315e-03             NA
6.1708e+01   3.0010e+00   1.9315e-03             NA
6.1870e+01   3.0010e+00   1.9315e-03             NA
6.2034e+01   3.0010e+00   1.9315e-03             NA
6.2208e+01   3.0010e+00   1.9315e-03             NA
6.2369e+01   3.0010e+00   1.9315e-03             NA
6.2525e+01   3.0010e+00   1.9315e-03             NA
6.2682e+01   3.0010e+00   1.9315e-03             NA
6.2897e+01   4.0010e+00   2.5375e-03             NA
6.2945e+01   4.0000e+00   2.5380e-03             NA
6.3212e+01   4.0000e+00   2.5375e-03             NA
6.3378e+01   4.0010e+00   2.5375e-03             NA
6.3542e+01   4.0010e+00   2.5375e-03             NA
6.3706e+01   4.0010e+00   2.5375e-03             NA
6.3866e+01   4.0010e+00   2.5375e-03             NA
6.4031e+01   4.0000e+00   2.5375e-03             NA
6.4203e+01   4.0000e+00   2.5375e-03             NA
6.4408e+01   4.0010e+00   2.5375e-03             NA
6.4580e+01   4.0000e+00   2.5375e-03             NA
6.4744e+01   4.0000e+00   2.5375e-03             NA
6.4917e+01   4.0000e+00   2.5375e-03             NA
6.5084e+01   4.0010e+00   2.5370e-03             NA
6.5261e+01   4.0010e+00   2.5375e-03             NA
6.5429e+01   4.0010e+00   2.5370e-03             NA
6.5598e+01   4.0010e+00   2.5370e-03             NA
6.5646e+01   4.0010e+00   2.5375e-03             NA
6.5899e+01   4.0000e+00   2.5375e-03             NA
6.6061e+01   4.0000e+00   2.5370e-03             NA
6.6227e+01   4.0010e+00   2.5375e-03             NA
6.6263e+01   4.0000e+00   2.5375e-03             NA
6.6547e+01   4.0000e+00   2.5375e-03             NA
6.6706e+01   4.0010e+00   2.5375e-03             NA
6.6870e+01   4.0000e+00   2.5375e-03             NA
6.7044e+01   4.0010e+00   2.5375e-03             NA
6.7244e+01   4.0010e+00   2.5370e-03             NA
6.7418e+01   4.0010e+00   2.5370e-03             NA
6.7585e+01   4.0000e+00   2.5370e-03             NA
6.7751e+01   4.0010e+00   2.5370e-03             NA
6.7932e+01   4.0000e+00   2.5370e-03             NA
6.8102e+01   4.0000e+00   2.5370e-03             NA
6.8285e+01   4.0000e+00   2.5370e-03             NA
6.8483e+01   4.0000e+00   2.5370e-03             NA
6.8680e+01   4.0010e+00   2.5365e-03             NA
6.8855e+01   4.0010e+00   2.5365e-03             NA
6.9024e+01   4.0000e+00   2.5365e-03             NA
6.9205e+01   4.0010e+00   2.5365e-03             NA
6.9365e+01   4.0000e+00   2.5365e-03             NA
6.9543e+01   4.0000e+00   2.5365e-03             NA
6.9704e+01   4.0000e+00   2.5365e-03             NA
6.9868e+01   4.0010e+00   2.5365e-03             NA
7.0033e+01   4.0000e+00   2.5365e-03             NA
7.0070e+01   4.0010e+00   2.5365e-03             NA
7.0360e+01   4.0000e+00   2.5360e-03             NA
7.0524e+01   4.0010e+00   2.5360e-03             NA
7.0685e+01   4.0000e+00   2.5360e-03             NA
7.0843e+01   4.0000e+00   2.5365e-03             NA
7.1006e+01   4.0010e+00   2.5360e-03             NA
7.1168e+01   4.0000e+00   2.5360e-03             NA
7.1333e+01   4.0010e+00   2.5360e-03             NA
7.1502e+01   4.0010e+00   2.5360e-03             NA
7.1672e+01   4.0010e+00   2.5360e-03             NA
7.1745e+01   4.0010e+00   2.5360e-03             NA
7.1846e+01   4.0010e+00   2.5360e-03             NA
7.2156e+01   4.0000e+00   2.5360e-03             NA
7.2326e+01   4.0010e+00   2.5360e-03             NA
7.2490e+01   4.0000e+00   2.5360e-03             NA
7.2653e+01   4.0010e+00   2.5360e-03             NA
7.2818e+01   4.0000e+00   2.5360e-03             NA
7.2987e+01   4.0000e+00   2.5360e-03             NA
7.3161e+01   4.0010e+00   2.5360e-03             NA
7.3245e+01   4.0010e+00   2.5360e-03             NA
7.3504e+01   4.0010e+00   2.5360e-03             NA
7.3677e+01   4.0000e+00   2.5360e-03             NA
7.3838e+01   4.0010e+00   2.5360e-03             NA
7.4010e+01   4.0000e+00   2.5360e-03             NA
7.4202e+01   4.0000e+00   2.5360e-03             NA
7.4370e+01   4.0010e+00   2.5360e-03             NA
7.4551e+01   4.0010e+00   2.5360e-03             NA
7.4718e+01   4.0000e+00   2.5360e-03             NA
7.4885e+01   4.0000e+00   2.5360e-03             NA
7.5045e+01   4.0000e+00   2.5360e-03             NA
7.5212e+01   4.0010e+00   2.5360e-03             NA
7.5252e+01   4.0010e+00   2.5360e-03             NA
7.5565e+01   4.0000e+00   2.5355e-03             NA
7.5736e+01   4.0010e+00   2.5360e-03             NA
7.5774e+01   4.0010e+00   2.5360e-03             NA
7.6069e+01   4.0010e+00   2.5360e-03             NA
7.6239e+01   4.0000e+00   2.5355e-03             NA
7.6403e+01   4.0010e+00   2.5355e-03             NA
7.6563e+01   4.0010e+00   2.5355e-03             NA
7.6729e+01   4.0010e+00   2.5355e-03             NA
7.6895e+01   4.0000e+00   2.5350e-03             NA
7.7066e+01   4.0000e+00   2.5350e-03             NA
7.7232e+01   4.0010e+00   2.5350e-03             NA
7.7401e+01   4.0000e+00   2.5355e-03             NA
7.7568e+01   4.0000e+00   2.5355e-03             NA
7.7736e+01   4.0010e+00   2.5355e-03             NA
7.7901e+01   4.0000e+00   2.5355e-03             NA
7.8069e+01   4.0010e+00   2.5350e-03             NA
7.8228e+01   4.0000e+00   2.5355e-03             NA
7.8397e+01   4.0000e+00   2.5350e-03             NA
7.8561e+01   4.0000e+00   2.5350e-03             NA
7.8721e+01   4.0000e+00   2.5350e-03             NA
7.8884e+01   4.0010e+00   2.5350e-03             NA
7.9046e+01   4.0000e+00   2.5350e-03             NA
7.9255e+01   4.0010e+00   2.5350e-03             NA
7.9420e+01   4.0000e+00   2.5345e-03             NA
7.9585e+01   4.0000e+00   2.5345e-03             NA
7.9750e+01   4.0010e+00   2.5345e-03             NA
7.9917e+01   4.0000e+00   2.5345e-03             NA
8.0081e+01   4.0000e+00   2.5345e-03             NA
8.0145e+01   4.0000e+00   2.5345e-03             NA
8.0397e+01   4.0010e+00   2.5345e-03             NA
8.0562e+01   4.0010e+00   2.5345e-03             NA
8.0718e+01   4.0000e+00   2.5345e-03             NA
8.0888e+01   4.0010e+00   2.5345e-03             NA
8.1054e+01   4.0010e+00   2.5345e-03             NA
8.1227e+01   4.0010e+00   2.5345e-03             NA
8.1395e+01   4.0010e+00   2.5345e-03             NA
8.1553e+01   4.0010e+00   2.5345e-03             NA
8.1713e+01   4.0010e+00   2.5345e-03             NA
8.1923e+01   3.0010e+00   1.9290e-03             NA
8.2094e+01   3.0010e+00   1.9285e-03             NA
8.2286e+01   3.0010e+00   1.9285e-03             NA
8.2446e+01   3.0010e+00   1.9290e-03             NA
8.2610e+01   3.0010e+00   1.9285e-03             NA
8.2769e+01   3.0010e+00   1.9285e-03             NA
8.2932e+01   3.0010e+00   1.9290e-03             NA
8.3110e+01   3.0010e+00   1.9285e-03             NA
8.3288e+01   3.0010e+00   1.9290e-03             NA
8.3490e+01   3.0010e+00   1.9285e-03             NA
8.3657e+01   3.0010e+00   1.9290e-03             NA
8.3824e+01   3.0010e+00   1.9285e-03             NA
8.4001e+01   3.0010e+00   1.9285e-03             NA
8.4168e+01   3.0010e+00   1.9285e-03             NA
8.4344e+01   3.0010e+00   1.9285e-03             NA
8.4502e+01   3.0010e+00   1.9290e-03             NA
8.4667e+01   3.0010e+00   1.9285e-03             NA
8.4824e+01   3.0010e+00   1.9285e-03             NA
8.4992e+01   3.0010e+00   1.9285e-03             NA
8.5157e+01   3.0010e+00   1.9285e-03             NA
8.5327e+01   3.0010e+00   1.9285e-03             NA
8.5500e+01   3.0010e+00   1.9285e-03             NA
8.5545e+01   3.0010e+00   1.9285e-03             NA
8.5828e+01   3.0010e+00   1.9285e-03             NA
8.5989e+01   3.0010e+00   1.9285e-03             NA
8.6156e+01   3.0010e+00   1.9290e-03             NA
8.6332e+01   3.0010e+00   1.9290e-03             NA
8.6500e+01   3.0010e+00   1.9290e-03             NA
8.6664e+01   3.0010e+00   1.9285e-03             NA
8.6833e+01   3.0010e+00   1.9290e-03             NA
8.6999e+01   3.0010e+00   1.9290e-03             NA
8.7164e+01   3.0010e+00   1.9285e-03             NA
8.7359e+01   3.0010e+00   1.9285e-03             NA
8.7532e+01   3.0010e+00   1.9285e-03             NA
8.7690e+01   3.0010e+00   1.9285e-03             NA
8.7859e+01   3.0010e+00   1.9285e-03             NA
8.8025e+01   3.0010e+00   1.9285e-03             NA
8.8187e+01   3.0010e+00   1.9285e-03             NA
8.8394e+01   3.0010e+00   1.9285e-03             NA
8.8574e+01   3.0010e+00   1.9290e-03             NA
8.8746e+01   3.0010e+00   1.9290e-03             NA
8.8846e+01   3.0010e+00   1.9290e-03             NA
8.9124e+01   3.0010e+00   1.9285e-03             NA
8.9326e+01   3.0010e+00   1.9285e-03             NA
8.9489e+01   3.0010e+00   1.9285e-03             NA
8.9653e+01   3.0010e+00   1.9285e-03             NA
8.9822e+01   3.0010e+00   1.9285e-03             NA
8.9994e+01   3.0010e+00   1.9285e-03             NA
9.0158e+01   3.0010e+00   1.9285e-03             NA
9.0335e+01   3.0010e+00   1.9285e-03             NA
9.0493e+01   3.0010e+00   1.9285e-03             NA
9.0656e+01   3.0010e+00   1.9290e-03             NA
9.0827e+01   3.0010e+00   1.9285e-03             NA
9.0984e+01   3.0010e+00   1.9285e-03             NA
9.1045e+01   3.0010e+00   1.9290e-03             NA
9.1315e+01   3.0010e+00   1.9290e-03             NA
9.1518e+01   3.0010e+00   1.9290e-03             NA
9.1719e+01   3.0010e+00   1.9285e-03             NA
9.1916e+01   3.0010e+00   1.9285e-03             NA
9.2157e+01   3.0010e+00   1.9285e-03             NA
9.2378e+01   3.0010e+00   1.9285e-03             NA
9.2552e+01   3.0010e+00   1.9285e-03             NA
9.2711e+01   3.0010e+00   1.9285e-03             NA
9.2882e+01   3.0010e+00   1.9285e-03             NA
9.3042e+01   3.0010e+00   1.9285e-03             NA
9.3210e+01   3.0010e+00   1.9285e-03             NA
9.3377e+01   3.0010e+00   1.9285e-03             NA
9.3531e+01   3.0010e+00   1.9285e-03             NA
9.3563e+01   3.0010e+00   1.9290e-03             NA
9.3722e+01   3.0010e+00   1.9285e-03             NA
9.4016e+01   3.0010e+00   1.9285e-03             NA
9.4176e+01   3.0010e+00   1.9285e-03             NA
9.4372e+01   3.0010e+00   1.9290e-03             NA
9.4554e+01   3.0010e+00   1.9285e-03             NA
9.4758e+01   2.0010e+00   1.3000e-03             NA
9.4928e+01   2.0010e+00   1.3000e-03             NA
9.5087e+01   2.0010e+00   1.3000e-03             NA
9.5265e+01   2.0010e+00   1.3000e-03             NA
9.5430e+01   2.0010e+00   1.3000e-03             NA
9.5462e+01   2.0010e+00   1.3000e-03             NA
9.5741e+01   2.0010e+00   1.3000e-03             NA
9.5911e+01   2.0010e+00   1.3000e-03             NA
9.6076e+01   2.0010e+00   1.3000e-03             NA
9.6248e+01   2.0010e+00   1.3000e-03             NA
9.6416e+01   2.0010e+00   1.3000e-03             NA
9.6592e+01   2.0010e+00   1.3000e-03             NA
9.6645e+01   2.0010e+00   1.3000e-03             NA
9.6912e+01   2.0010e+00   1.3000e-03             NA
9.7074e+01   2.0010e+00   1.3000e-03             NA
9.7244e+01   2.0010e+00   1.3000e-03             NA
9.7408e+01   2.0010e+00   1.3000e-03             NA
9.7579e+01   2.0010e+00   1.3000e-03             NA
9.7645e+01   2.0010e+00   1.3000e-03             NA
9.7889e+01   2.0010e+00   1.3000e-03             NA
9.8053e+01   2.0010e+00   1.3000e-03             NA
9.8212e+01   2.0010e+00   1.3000e-03             NA
9.8377e+01   2.0010e+00   1.3000e-03             NA
9.8538e+01   2.0010e+00   1.3000e-03             NA
9.8695e+01   2.0010e+00   1.3000e-03             NA
9.8865e+01   2.0010e+00   1.3000e-03             NA
9.9038e+01   2.0010e+00   1.3000e-03             NA
9.9196e+01   2.0010e+00   1.3000e-03             NA
9.9244e+01   2.0010e+00   1.3000e-03             NA
9.9507e+01   2.0010e+00   1.3000e-03             NA
9.9707e+01   1.0000e+00   6.5450e-04             NA
9.9884e+01   1.0000e+00   6.5450e-04             NA
1.0005e+02   1.0000e+00   6.5450e-04             NA
1.0014e+02   1.0000e+00   6.5450e-04             NA
1.0037e+02   1.0000e+00   6.5450e-04             NA
1.0054e+02   1.0000e+00   6.5450e-04             NA
1.0070e+02   1.0000e+00   6.5450e-04             NA
1.0088e+02   1.0000e+00   6.5450e-04             NA
1.0104e+02   1.0000e+00   6.5450e-04             NA
1.0121e+02   1.0010e+00   6.5450e-04             NA
1.0137e+02   1.0000e+00   6.5450e-04             NA
1.0154e+02   1.0000e+00   6.5450e-04             NA
1.0171e+02   1.0000e+00   6.5450e-04             NA
1.0188e+02   1.0000e+00   6.5450e-04             NA
1.0203e+02   1.0000e+00   6.5450e-04             NA
1.0207e+02   1.0000e+00   6.5450e-04             NA
1.0240e+02   1.0000e+00   6.5450e-04             NA
1.0258e+02   1.0000e+00   6.5450e-04             NA
1.0274e+02   1.0000e+00   6.5450e-04             NA
1.0290e+02   1.0000e+00   6.5450e-04             NA
1.0306e+02   1.0000e+00   6.5450e-04             NA
1.0323e+02   1.0000e+00   6.5450e-04             NA
1.0339e+02   1.0000e+00   6.5450e-04             NA
1.0344e+02   1.0000e+00   6.5450e-04             NA
1.0370e+02   1.0000e+00   6.5450e-04             NA
1.0374e+02   1.0000e+00   6.5450e-04             NA
1.0401e+02   1.0000e+00   6.5450e-04             NA
1.0418e+02   1.0000e+00   6.5450e-04             NA
1.0424e+02   1.0000e+00   6.5450e-04             NA
1.0449e+02   1.0000e+00   6.5450e-04             NA
1.0464e+02   1.0000e+00   6.5450e-04             NA
1.0480e+02   1.0010e+00   6.5450e-04             NA
1.0496e+02   1.0000e+00   6.5450e-04             NA
1.0512e+02   1.0000e+00   6.5450e-04             NA
1.0528e+02   1.0000e+00   6.5450e-04             NA
1.0545e+02   1.0000e+00   6.5450e-04             NA
1.0561e+02   1.0000e+00   6.5450e-04             NA
1.0576e+02   1.0000e+00   6.5450e-04             NA
1.0584e+02   1.0000e+00   6.5450e-04             NA
1.0607e+02   1.0000e+00   6.5450e-04             NA
1.0622e+02   1.0000e+00   6.5450e-04             NA
1.0638e+02   1.0000e+00   6.5450e-04             NA
1.0653e+02   1.0000e+00   6.5450e-04             NA
1.0670e+02   1.0000e+00   6.5450e-04             NA
1.0686e+02   1.0000e+00   6.5450e-04             NA
1.0703e+02   1.0000e+00   6.5450e-04             NA
1.0718e+02   1.0000e+00   6.5450e-04             NA
1.0739e+02   1.0000e+00   6.5450e-04             NA
1.0758e+02   1.0010e+00   6.5450e-04             NA
1.0775e+02   1.0000e+00   6.5450e-04             NA
1.0791e+02   1.0000e+00   6.5450e-04             NA
1.0808e+02   1.0000e+00   6.5450e-04             NA
1.0825e+02   1.0000e+00   6.5450e-04             NA
1.0842e+02   1.0000e+00   6.5450e-04             NA
1.0859e+02   1.0000e+00   6.5450e-04             NA
1.0875e+02   1.0000e+00   6.5450e-04             NA
1.0891e+02   1.0000e+00   6.5450e-04             NA
1.0907e+02   1.0010e+00   6.5450e-04             NA
1.0926e+02   1.0000e+00   6.5450e-04             NA
1.0935e+02   1.0000e+00   6.5450e-04             NA
1.0957e+02   1.0000e+00   6.5450e-04             NA
1.0973e+02   1.0010e+00   6.5450e-04             NA
1.0990e+02   1.0000e+00   6.5450e-04             NA
1.1009e+02   1.0000e+00   6.5450e-04             NA
1.1025e+02   1.0000e+00   6.5450e-04             NA
1.1040e+02   1.0000e+00   6.5450e-04             NA
1.1044e+02   1.0000e+00   6.5450e-04             NA
1.1072e+02   1.0000e+00   6.5450e-04             NA
1.1088e+02   1.0000e+00   6.5450e-04             NA
1.1104e+02   1.0010e+00   6.5450e-04             NA
1.1121e+02   1.0000e+00   6.5450e-04             NA
1.1137e+02   1.0000e+00   6.5450e-04             NA
1.1153e+02   1.0010e+00   6.5450e-04             NA
1.1170e+02   1.0000e+00   6.5450e-04             NA
1.1186e+02   1.0000e+00   6.5450e-04             NA
Finised 

