7.3508e-01   1.0000e+00   5.1450e-04             NA
1.0725e+00   1.0000e+00   5.1100e-04             NA
1.5256e+00   1.0010e+00   5.1200e-04             NA
1.6393e+00   1.0000e+00   5.1100e-04             NA
1.8658e+00   1.0000e+00   5.1100e-04             NA
2.0722e+00   1.0000e+00   5.1150e-04             NA
2.2775e+00   1.0000e+00   5.2000e-04             NA
2.4609e+00   1.0000e+00   5.1600e-04             NA
2.6523e+00   1.0000e+00   5.1600e-04             NA
2.8564e+00   1.0000e+00   5.1400e-04             NA
3.2194e+00   1.0000e+00   5.1150e-04             NA
3.3146e+00   1.0000e+00   5.1100e-04             NA
3.6742e+00   1.0000e+00   5.1450e-04             NA
3.7212e+00   1.0000e+00   5.1300e-04             NA
4.0956e+00   1.0000e+00   5.1450e-04             NA
4.3253e+00   1.0000e+00   5.1550e-04             NA
4.5548e+00   1.0010e+00   5.1450e-04             NA
4.6133e+00   1.0000e+00   5.1300e-04             NA
4.9896e+00   1.0000e+00   5.1500e-04             NA
5.0446e+00   1.0010e+00   5.1500e-04             NA
5.2956e+00   1.0000e+00   5.1400e-04             NA
5.5133e+00   1.0000e+00   5.1450e-04             NA
5.7020e+00   1.0000e+00   5.1200e-04             NA
6.0620e+00   1.0000e+00   5.1050e-04             NA
6.1149e+00   1.0000e+00   5.1150e-04             NA
6.4498e+00   1.0000e+00   5.1450e-04             NA
6.6749e+00   1.0000e+00   5.1100e-04             NA
6.9013e+00   1.0000e+00   5.1250e-04             NA
7.1920e+00   1.0000e+00   5.1100e-04             NA
7.2352e+00   1.0000e+00   5.1100e-04             NA
7.6186e+00   1.0000e+00   5.1200e-04             NA
7.8540e+00   1.0000e+00   5.1150e-04             NA
7.9165e+00   1.0000e+00   5.1100e-04             NA
8.3176e+00   1.0000e+00   5.1300e-04             NA
8.4158e+00   1.0010e+00   5.1000e-04             NA
8.5628e+00   1.0000e+00   5.1300e-04             NA
8.9350e+00   1.0000e+00   5.1400e-04             NA
9.1708e+00   1.0000e+00   5.1400e-04             NA
9.2159e+00   1.0000e+00   5.1250e-04             NA
9.5738e+00   1.0000e+00   5.1100e-04             NA
9.7943e+00   1.0010e+00   5.1400e-04             NA
1.0017e+01   1.0000e+00   5.1600e-04             NA
1.0114e+01   1.0000e+00   5.1550e-04             NA
1.0397e+01   1.0000e+00   5.1400e-04             NA
1.0608e+01   1.0000e+00   5.1450e-04             NA
1.0804e+01   1.0000e+00   5.1200e-04             NA
1.1017e+01   1.0000e+00   5.1100e-04             NA
1.1266e+01   1.0000e+00   5.1100e-04             NA
1.1513e+01   1.0000e+00   5.1200e-04             NA
1.1734e+01   1.0000e+00   5.1150e-04             NA
1.1942e+01   1.0000e+00   5.1250e-04             NA
1.2173e+01   1.0010e+00   5.1000e-04             NA
1.2228e+01   1.0000e+00   5.0950e-04             NA
1.2459e+01   1.0000e+00   5.1050e-04             NA
1.2841e+01   1.0000e+00   5.1350e-04             NA
1.3122e+01   1.0000e+00   5.1200e-04             NA
1.3376e+01   1.0000e+00   5.1000e-04             NA
1.3596e+01   1.0000e+00   5.1050e-04             NA
1.3807e+01   1.0000e+00   5.1200e-04             NA
1.3997e+01   1.0000e+00   5.1250e-04             NA
1.4199e+01   1.0000e+00   5.0800e-04             NA
1.4244e+01   1.0000e+00   5.0750e-04             NA
1.4434e+01   1.0000e+00   5.0800e-04             NA
1.4797e+01   1.0000e+00   5.0650e-04             NA
1.4991e+01   1.0000e+00   5.0700e-04             NA
1.5225e+01   1.0000e+00   5.0500e-04             NA
1.5315e+01   1.0000e+00   5.0600e-04             NA
1.5622e+01   1.0000e+00   5.0650e-04             NA
1.5851e+01   1.0000e+00   5.0650e-04             NA
1.6069e+01   1.0000e+00   5.0650e-04             NA
1.6115e+01   1.0010e+00   5.0550e-04             NA
1.6487e+01   1.0000e+00   5.0650e-04             NA
1.6701e+01   1.0000e+00   5.0750e-04             NA
1.6917e+01   1.0010e+00   5.0500e-04             NA
1.7131e+01   1.0000e+00   5.0700e-04             NA
1.7344e+01   1.0000e+00   5.0800e-04             NA
1.7553e+01   1.0000e+00   5.0750e-04             NA
1.7806e+01   1.0000e+00   5.0850e-04             NA
1.8031e+01   1.0000e+00   5.0800e-04             NA
1.8116e+01   1.0010e+00   5.0850e-04             NA
1.8448e+01   1.0000e+00   5.0800e-04             NA
1.8659e+01   1.0000e+00   5.0700e-04             NA
1.8881e+01   1.0000e+00   5.0750e-04             NA
1.9101e+01   1.0000e+00   5.0650e-04             NA
1.9190e+01   1.0000e+00   5.0600e-04             NA
1.9565e+01   1.0010e+00   5.0500e-04             NA
1.9764e+01   1.0000e+00   5.0500e-04             NA
1.9966e+01   1.0010e+00   5.0550e-04             NA
2.0015e+01   1.0000e+00   5.0500e-04             NA
2.0183e+01   1.0000e+00   5.0500e-04             NA
2.0370e+01   1.0000e+00   5.0500e-04             NA
2.0723e+01   1.0000e+00   5.0750e-04             NA
2.0920e+01   1.0000e+00   5.0700e-04             NA
2.1172e+01   1.0000e+00   5.0700e-04             NA
2.1370e+01   1.0000e+00   5.0700e-04             NA
2.1561e+01   1.0000e+00   5.0700e-04             NA
2.1739e+01   1.0000e+00   5.0150e-04             NA
2.1820e+01   1.0000e+00   5.0450e-04             NA
2.2151e+01   1.0000e+00   5.0500e-04             NA
2.2343e+01   1.0000e+00   5.0550e-04             NA
2.2541e+01   1.0000e+00   5.0600e-04             NA
2.2730e+01   1.0000e+00   5.0550e-04             NA
2.2931e+01   1.0000e+00   5.0450e-04             NA
2.3162e+01   1.0010e+00   5.0450e-04             NA
2.3384e+01   1.0000e+00   5.0650e-04             NA
2.3584e+01   1.0000e+00   5.0500e-04             NA
2.3780e+01   1.0000e+00   5.0400e-04             NA
2.3978e+01   1.0000e+00   5.0350e-04             NA
2.4215e+01   1.0000e+00   5.0400e-04             NA
2.4404e+01   1.0000e+00   5.0600e-04             NA
2.4616e+01   1.0000e+00   5.0350e-04             NA
2.4839e+01   1.0000e+00   5.0500e-04             NA
2.5379e+01   2.0010e+00   1.0650e-03             NA
2.5430e+01   2.0010e+00   1.1165e-03             NA
2.5760e+01   2.0010e+00   1.1305e-03             NA
2.5944e+01   2.0010e+00   1.1240e-03             NA
2.6173e+01   2.0010e+00   1.1045e-03             NA
2.6388e+01   2.0010e+00   1.1725e-03             NA
2.6582e+01   2.0010e+00   1.1725e-03             NA
2.6822e+01   2.0010e+00   1.1775e-03             NA
2.7020e+01   2.0010e+00   1.1820e-03             NA
2.7249e+01   2.0010e+00   1.1805e-03             NA
2.7458e+01   2.0010e+00   1.1755e-03             NA
2.7690e+01   2.0010e+00   1.1745e-03             NA
2.7898e+01   2.0010e+00   1.1685e-03             NA
2.8129e+01   2.0010e+00   1.1735e-03             NA
2.8377e+01   2.0010e+00   1.1755e-03             NA
2.8616e+01   2.0010e+00   1.1710e-03             NA
2.8860e+01   2.0010e+00   1.1725e-03             NA
2.9105e+01   2.0010e+00   1.1700e-03             NA
2.9353e+01   2.0010e+00   1.1645e-03             NA
2.9592e+01   2.0010e+00   1.1530e-03             NA
2.9819e+01   2.0010e+00   1.1670e-03             NA
2.9915e+01   2.0010e+00   1.1660e-03             NA
3.0266e+01   2.0010e+00   1.1740e-03             NA
3.0315e+01   2.0010e+00   1.1755e-03             NA
3.0790e+01   2.0010e+00   1.1770e-03             NA
3.3353e+01   2.0010e+00   1.1880e-03             NA
3.3607e+01   2.0010e+00   1.1880e-03             NA
3.3876e+01   2.0010e+00   1.1880e-03             NA
3.4114e+01   2.0010e+00   1.1880e-03             NA
3.4170e+01   2.0010e+00   1.1880e-03             NA
3.4543e+01   2.0010e+00   1.1845e-03             NA
3.4793e+01   2.0010e+00   1.1860e-03             NA
3.5016e+01   2.0010e+00   1.1880e-03             NA
3.5251e+01   2.0010e+00   1.1885e-03             NA
3.5463e+01   2.0010e+00   1.1865e-03             NA
3.5692e+01   2.0010e+00   1.1885e-03             NA
3.5917e+01   2.0010e+00   1.1900e-03             NA
3.6143e+01   2.0010e+00   1.1895e-03             NA
3.6355e+01   2.0010e+00   1.1895e-03             NA
3.6414e+01   2.0010e+00   1.1895e-03             NA
4.1159e+01   2.0010e+00   1.1995e-03             NA
4.1450e+01   2.0010e+00   1.2000e-03             NA
4.1692e+01   2.0010e+00   1.2000e-03             NA
4.1902e+01   2.0010e+00   1.1990e-03             NA
4.2124e+01   2.0010e+00   1.1995e-03             NA
4.2352e+01   2.0010e+00   1.1995e-03             NA
4.2556e+01   2.0010e+00   1.1995e-03             NA
4.2761e+01   2.0010e+00   1.1995e-03             NA
4.2820e+01   2.0010e+00   1.1985e-03             NA
4.3172e+01   2.0010e+00   1.2000e-03             NA
4.3392e+01   2.0010e+00   1.2000e-03             NA
4.3609e+01   2.0010e+00   1.2010e-03             NA
4.3655e+01   2.0010e+00   1.2000e-03             NA
4.4002e+01   2.0010e+00   1.1980e-03             NA
4.4225e+01   2.0010e+00   1.1995e-03             NA
4.4436e+01   2.0010e+00   1.1990e-03             NA
4.4643e+01   2.0010e+00   1.1975e-03             NA
4.4850e+01   2.0010e+00   1.1990e-03             NA
4.5058e+01   2.0010e+00   1.2005e-03             NA
4.5115e+01   2.0010e+00   1.2005e-03             NA
4.5519e+01   2.0010e+00   1.2010e-03             NA
4.5762e+01   2.0010e+00   1.1990e-03             NA
4.5975e+01   2.0010e+00   1.2010e-03             NA
4.6182e+01   2.0010e+00   1.2010e-03             NA
4.6396e+01   2.0010e+00   1.2015e-03             NA
4.6604e+01   2.0010e+00   1.2025e-03             NA
4.6819e+01   2.0010e+00   1.2010e-03             NA
4.6915e+01   2.0010e+00   1.2015e-03             NA
4.7207e+01   2.0010e+00   1.2010e-03             NA
4.7414e+01   2.0010e+00   1.2010e-03             NA
4.7620e+01   2.0010e+00   1.2055e-03             NA
4.7833e+01   2.0010e+00   1.2055e-03             NA
4.8036e+01   2.0010e+00   1.2060e-03             NA
4.8262e+01   2.0010e+00   1.2080e-03             NA
4.8478e+01   2.0010e+00   1.2085e-03             NA
4.8686e+01   2.0010e+00   1.2095e-03             NA
4.8898e+01   2.0010e+00   1.2105e-03             NA
4.9099e+01   2.0010e+00   1.2100e-03             NA
4.9311e+01   2.0010e+00   1.2105e-03             NA
4.9559e+01   2.0010e+00   1.2105e-03             NA
4.9767e+01   2.0010e+00   1.2110e-03             NA
4.9973e+01   2.0010e+00   1.2130e-03             NA
5.0188e+01   2.0010e+00   1.2120e-03             NA
5.0402e+01   2.0010e+00   1.2120e-03             NA
5.0607e+01   2.0010e+00   1.2125e-03             NA
5.0819e+01   2.0010e+00   1.2130e-03             NA
5.1021e+01   2.0010e+00   1.2135e-03             NA
5.1235e+01   2.0010e+00   1.2135e-03             NA
5.1447e+01   2.0010e+00   1.2125e-03             NA
5.1669e+01   2.0010e+00   1.2125e-03             NA
5.1871e+01   2.0010e+00   1.2120e-03             NA
5.2075e+01   2.0010e+00   1.2130e-03             NA
5.2273e+01   2.0010e+00   1.2135e-03             NA
5.2529e+01   2.0010e+00   1.2130e-03             NA
5.2750e+01   2.0010e+00   1.2135e-03             NA
5.2959e+01   2.0010e+00   1.2135e-03             NA
5.3163e+01   2.0010e+00   1.2140e-03             NA
5.3372e+01   2.0010e+00   1.2150e-03             NA
5.3576e+01   2.0010e+00   1.2140e-03             NA
5.3766e+01   2.0010e+00   1.2145e-03             NA
5.3969e+01   2.0010e+00   1.2140e-03             NA
5.4179e+01   2.0010e+00   1.2140e-03             NA
5.4388e+01   2.0010e+00   1.2145e-03             NA
5.4600e+01   2.0010e+00   1.2140e-03             NA
5.4799e+01   2.0010e+00   1.2150e-03             NA
5.5015e+01   2.0010e+00   1.2150e-03             NA
5.5114e+01   2.0010e+00   1.2150e-03             NA
5.5391e+01   2.0010e+00   1.2150e-03             NA
5.5597e+01   2.0010e+00   1.2165e-03             NA
5.5795e+01   2.0010e+00   1.2160e-03             NA
5.5996e+01   2.0010e+00   1.2160e-03             NA
5.6201e+01   2.0010e+00   1.2160e-03             NA
5.6412e+01   2.0010e+00   1.2165e-03             NA
5.6624e+01   2.0010e+00   1.2175e-03             NA
5.6809e+01   2.0010e+00   1.2175e-03             NA
5.6988e+01   2.0010e+00   1.2180e-03             NA
5.7208e+01   2.0010e+00   1.2175e-03             NA
5.7441e+01   2.0010e+00   1.2170e-03             NA
5.7643e+01   2.0010e+00   1.2175e-03             NA
5.7839e+01   2.0010e+00   1.2165e-03             NA
5.8052e+01   2.0010e+00   1.2170e-03             NA
5.8249e+01   2.0010e+00   1.2175e-03             NA
5.8443e+01   2.0010e+00   1.2175e-03             NA
5.8629e+01   2.0010e+00   1.2175e-03             NA
5.8893e+01   2.0010e+00   1.2185e-03             NA
5.9097e+01   2.0010e+00   1.2185e-03             NA
5.9285e+01   2.0010e+00   1.2175e-03             NA
5.9486e+01   2.0010e+00   1.2180e-03             NA
5.9686e+01   2.0010e+00   1.2180e-03             NA
5.9884e+01   2.0010e+00   1.2165e-03             NA
6.0091e+01   2.0010e+00   1.2175e-03             NA
6.0136e+01   2.0010e+00   1.2175e-03             NA
6.0549e+01   2.0010e+00   1.2165e-03             NA
6.0767e+01   2.0010e+00   1.2160e-03             NA
6.0968e+01   2.0010e+00   1.2165e-03             NA
6.1176e+01   2.0010e+00   1.2165e-03             NA
6.1416e+01   2.0010e+00   1.2165e-03             NA
6.1619e+01   2.0010e+00   1.2170e-03             NA
6.1814e+01   2.0010e+00   1.2165e-03             NA
6.2014e+01   2.0010e+00   1.2170e-03             NA
6.2221e+01   2.0010e+00   1.2180e-03             NA
6.2316e+01   2.0010e+00   1.2185e-03             NA
6.2734e+01   2.0010e+00   1.2180e-03             NA
6.2944e+01   2.0010e+00   1.2180e-03             NA
6.3157e+01   2.0010e+00   1.2190e-03             NA
6.3365e+01   2.0010e+00   1.2190e-03             NA
6.3573e+01   2.0010e+00   1.2200e-03             NA
6.3898e+01   3.0010e+00   1.8505e-03             NA
6.3948e+01   3.0010e+00   1.8525e-03             NA
6.4315e+01   3.0010e+00   1.8555e-03             NA
6.4531e+01   3.0010e+00   1.8545e-03             NA
6.4734e+01   3.0010e+00   1.8555e-03             NA
6.4919e+01   3.0010e+00   1.8500e-03             NA
6.5115e+01   3.0010e+00   1.8460e-03             NA
6.5310e+01   3.0010e+00   1.8425e-03             NA
6.5499e+01   3.0010e+00   1.8445e-03             NA
6.5692e+01   3.0010e+00   1.8745e-03             NA
6.5877e+01   3.0010e+00   1.8760e-03             NA
6.6063e+01   3.0010e+00   1.8770e-03             NA
6.6250e+01   3.0010e+00   1.8765e-03             NA
6.6441e+01   3.0010e+00   1.8765e-03             NA
6.6632e+01   3.0010e+00   1.8770e-03             NA
6.6806e+01   3.0010e+00   1.8765e-03             NA
6.7000e+01   3.0010e+00   1.8765e-03             NA
6.7197e+01   3.0010e+00   1.8770e-03             NA
6.7391e+01   3.0010e+00   1.8775e-03             NA
6.7589e+01   3.0010e+00   1.8765e-03             NA
6.7788e+01   3.0010e+00   1.8765e-03             NA
6.7988e+01   3.0010e+00   1.8765e-03             NA
6.8177e+01   3.0010e+00   1.8765e-03             NA
6.8365e+01   3.0010e+00   1.8770e-03             NA
6.8565e+01   3.0010e+00   1.8765e-03             NA
6.8757e+01   3.0010e+00   1.8745e-03             NA
6.8969e+01   3.0010e+00   1.8735e-03             NA
6.9017e+01   3.0010e+00   1.8735e-03             NA
6.9379e+01   3.0010e+00   1.8715e-03             NA
6.9586e+01   3.0010e+00   1.8705e-03             NA
6.9762e+01   3.0010e+00   1.8700e-03             NA
6.9922e+01   3.0010e+00   1.8700e-03             NA
7.0082e+01   3.0010e+00   1.8685e-03             NA
7.0118e+01   3.0010e+00   1.8685e-03             NA
7.0401e+01   3.0010e+00   1.8700e-03             NA
7.0567e+01   3.0010e+00   1.8690e-03             NA
7.0730e+01   3.0010e+00   1.8695e-03             NA
7.0891e+01   3.0010e+00   1.8690e-03             NA
7.1069e+01   3.0010e+00   1.8700e-03             NA
7.1229e+01   3.0010e+00   1.8690e-03             NA
7.1396e+01   3.0010e+00   1.8685e-03             NA
7.1564e+01   3.0010e+00   1.8670e-03             NA
7.1763e+01   3.0010e+00   1.8665e-03             NA
7.1813e+01   3.0010e+00   1.8665e-03             NA
7.2108e+01   3.0010e+00   1.8635e-03             NA
7.2292e+01   3.0010e+00   1.8635e-03             NA
7.2474e+01   3.0010e+00   1.8635e-03             NA
7.2642e+01   3.0010e+00   1.8715e-03             NA
7.2814e+01   3.0010e+00   1.8725e-03             NA
7.3001e+01   3.0010e+00   1.8725e-03             NA
7.3173e+01   3.0010e+00   1.8730e-03             NA
7.3342e+01   3.0010e+00   1.8730e-03             NA
7.3497e+01   3.0010e+00   1.8730e-03             NA
7.3660e+01   3.0010e+00   1.8730e-03             NA
7.3830e+01   3.0010e+00   1.8730e-03             NA
7.3994e+01   3.0010e+00   1.8720e-03             NA
7.4169e+01   3.0010e+00   1.8705e-03             NA
7.4334e+01   3.0010e+00   1.8710e-03             NA
7.4503e+01   3.0010e+00   1.8700e-03             NA
7.4669e+01   3.0010e+00   1.8700e-03             NA
7.4839e+01   3.0010e+00   1.8695e-03             NA
7.5008e+01   3.0010e+00   1.8685e-03             NA
7.5211e+01   3.0010e+00   1.8690e-03             NA
7.5424e+01   3.0010e+00   1.8695e-03             NA
7.5600e+01   3.0010e+00   1.8685e-03             NA
7.5762e+01   3.0010e+00   1.8685e-03             NA
7.5928e+01   3.0010e+00   1.8685e-03             NA
7.6125e+01   3.0010e+00   1.8685e-03             NA
7.6214e+01   3.0010e+00   1.8680e-03             NA
7.6482e+01   3.0010e+00   1.8715e-03             NA
7.6647e+01   3.0010e+00   1.8695e-03             NA
7.6829e+01   3.0010e+00   1.8700e-03             NA
7.6985e+01   3.0010e+00   1.8695e-03             NA
7.7019e+01   3.0010e+00   1.8695e-03             NA
7.7314e+01   3.0010e+00   1.8700e-03             NA
7.7469e+01   3.0010e+00   1.8750e-03             NA
7.7636e+01   3.0010e+00   1.8780e-03             NA
7.7814e+01   3.0010e+00   1.8780e-03             NA
7.7977e+01   3.0010e+00   1.8790e-03             NA
7.8140e+01   3.0010e+00   1.8785e-03             NA
7.8306e+01   3.0010e+00   1.8790e-03             NA
7.8480e+01   3.0010e+00   1.8795e-03             NA
7.8653e+01   3.0010e+00   1.8795e-03             NA
7.8713e+01   3.0010e+00   1.8795e-03             NA
7.8964e+01   3.0010e+00   1.8785e-03             NA
7.9140e+01   3.0010e+00   1.8785e-03             NA
7.9295e+01   3.0010e+00   1.8790e-03             NA
7.9453e+01   3.0010e+00   1.8785e-03             NA
7.9624e+01   3.0010e+00   1.8785e-03             NA
7.9784e+01   3.0010e+00   1.8790e-03             NA
7.9946e+01   3.0010e+00   1.8790e-03             NA
8.0112e+01   3.0010e+00   1.8800e-03             NA
8.0284e+01   3.0010e+00   1.8805e-03             NA
8.0452e+01   3.0010e+00   1.8805e-03             NA
8.0606e+01   3.0010e+00   1.8805e-03             NA
8.0789e+01   3.0010e+00   1.8800e-03             NA
8.0951e+01   3.0010e+00   1.8795e-03             NA
8.1137e+01   3.0010e+00   1.8790e-03             NA
8.1310e+01   3.0010e+00   1.8790e-03             NA
8.1470e+01   3.0010e+00   1.8785e-03             NA
8.1640e+01   3.0010e+00   1.8790e-03             NA
8.1803e+01   3.0010e+00   1.8790e-03             NA
8.1979e+01   3.0010e+00   1.8795e-03             NA
8.2165e+01   3.0010e+00   1.8795e-03             NA
8.2330e+01   3.0010e+00   1.8795e-03             NA
8.2496e+01   3.0010e+00   1.8795e-03             NA
8.2655e+01   3.0010e+00   1.8795e-03             NA
8.2813e+01   3.0010e+00   1.8800e-03             NA
8.2990e+01   4.0010e+00   2.4830e-03             NA
8.3029e+01   4.0010e+00   2.4865e-03             NA
8.3310e+01   4.0000e+00   2.5035e-03             NA
8.3488e+01   4.0010e+00   2.4970e-03             NA
8.3669e+01   4.0010e+00   2.5060e-03             NA
8.3878e+01   4.0000e+00   2.5090e-03             NA
8.4050e+01   4.0010e+00   2.5105e-03             NA
8.4236e+01   4.0010e+00   2.5295e-03             NA
8.4408e+01   4.0010e+00   2.5320e-03             NA
8.4595e+01   4.0010e+00   2.5330e-03             NA
8.4761e+01   4.0010e+00   2.5340e-03             NA
8.4925e+01   4.0010e+00   2.5345e-03             NA
8.5093e+01   4.0010e+00   2.5350e-03             NA
8.5273e+01   4.0010e+00   2.5355e-03             NA
8.5437e+01   4.0000e+00   2.5360e-03             NA
8.5597e+01   4.0010e+00   2.5360e-03             NA
8.5759e+01   4.0010e+00   2.5360e-03             NA
8.5916e+01   4.0000e+00   2.5360e-03             NA
8.6096e+01   4.0010e+00   2.5365e-03             NA
8.6263e+01   4.0000e+00   2.5365e-03             NA
8.6433e+01   4.0000e+00   2.5365e-03             NA
8.6593e+01   4.0000e+00   2.5365e-03             NA
8.6756e+01   4.0000e+00   2.5365e-03             NA
8.6911e+01   4.0000e+00   2.5365e-03             NA
8.7081e+01   4.0010e+00   2.5370e-03             NA
8.7281e+01   4.0000e+00   2.5370e-03             NA
8.7451e+01   4.0010e+00   2.5370e-03             NA
8.7637e+01   4.0010e+00   2.5370e-03             NA
8.7806e+01   4.0010e+00   2.5375e-03             NA
8.7976e+01   4.0010e+00   2.5375e-03             NA
8.8164e+01   4.0010e+00   2.5380e-03             NA
8.8355e+01   4.0000e+00   2.5380e-03             NA
8.8553e+01   4.0010e+00   2.5380e-03             NA
8.8747e+01   4.0010e+00   2.5380e-03             NA
8.8929e+01   4.0000e+00   2.5380e-03             NA
8.9130e+01   4.0010e+00   2.5380e-03             NA
8.9317e+01   4.0010e+00   2.5380e-03             NA
8.9500e+01   4.0000e+00   2.5380e-03             NA
8.9697e+01   4.0010e+00   2.5385e-03             NA
8.9884e+01   4.0010e+00   2.5385e-03             NA
9.0075e+01   4.0000e+00   2.5385e-03             NA
9.0273e+01   4.0000e+00   2.5385e-03             NA
9.0464e+01   4.0010e+00   2.5385e-03             NA
9.0513e+01   4.0000e+00   2.5385e-03             NA
9.0820e+01   4.0000e+00   2.5385e-03             NA
9.1005e+01   4.0000e+00   2.5385e-03             NA
9.1205e+01   4.0010e+00   2.5385e-03             NA
9.1399e+01   4.0000e+00   2.5390e-03             NA
9.1609e+01   4.0010e+00   2.5385e-03             NA
9.1654e+01   4.0000e+00   2.5385e-03             NA
9.1961e+01   4.0010e+00   2.5385e-03             NA
9.2132e+01   4.0010e+00   2.5390e-03             NA
9.2298e+01   4.0000e+00   2.5385e-03             NA
9.2471e+01   4.0000e+00   2.5385e-03             NA
9.2629e+01   4.0000e+00   2.5385e-03             NA
9.2793e+01   4.0010e+00   2.5385e-03             NA
9.2956e+01   4.0010e+00   2.5380e-03             NA
9.3118e+01   4.0000e+00   2.5380e-03             NA
9.3287e+01   4.0010e+00   2.5380e-03             NA
9.3475e+01   4.0000e+00   2.5380e-03             NA
9.3648e+01   4.0010e+00   2.5380e-03             NA
9.3819e+01   4.0000e+00   2.5380e-03             NA
9.3989e+01   4.0000e+00   2.5380e-03             NA
9.4172e+01   4.0000e+00   2.5380e-03             NA
9.4360e+01   4.0000e+00   2.5385e-03             NA
9.4518e+01   4.0000e+00   2.5380e-03             NA
9.4699e+01   4.0010e+00   2.5385e-03             NA
9.4872e+01   4.0000e+00   2.5385e-03             NA
9.5059e+01   4.0010e+00   2.5385e-03             NA
9.5236e+01   4.0000e+00   2.5385e-03             NA
9.5406e+01   4.0010e+00   2.5385e-03             NA
9.5578e+01   4.0010e+00   2.5385e-03             NA
9.5752e+01   4.0000e+00   2.5385e-03             NA
9.5933e+01   4.0000e+00   2.5385e-03             NA
9.6127e+01   4.0000e+00   2.5385e-03             NA
9.6313e+01   4.0000e+00   2.5385e-03             NA
9.6482e+01   4.0000e+00   2.5385e-03             NA
9.6641e+01   4.0000e+00   2.5385e-03             NA
9.6817e+01   4.0000e+00   2.5385e-03             NA
9.6984e+01   4.0000e+00   2.5385e-03             NA
9.7158e+01   4.0000e+00   2.5380e-03             NA
9.7321e+01   4.0000e+00   2.5385e-03             NA
9.7496e+01   4.0010e+00   2.5380e-03             NA
9.7667e+01   4.0000e+00   2.5380e-03             NA
9.7841e+01   4.0010e+00   2.5385e-03             NA
9.8016e+01   4.0000e+00   2.5385e-03             NA
9.8219e+01   4.0010e+00   2.5385e-03             NA
9.8404e+01   4.0010e+00   2.5385e-03             NA
9.8567e+01   4.0010e+00   2.5385e-03             NA
9.8737e+01   4.0000e+00   2.5380e-03             NA
9.8907e+01   4.0000e+00   2.5380e-03             NA
Finised 

