6.8460e-02   1.0000e+00   6.0950e-04             NA
1.6862e-01   1.0010e+00   6.0950e-04             NA
2.6305e-01   1.0000e+00   6.0950e-04             NA
3.6312e-01   1.0000e+00   6.0950e-04             NA
4.6262e-01   1.0000e+00   6.0950e-04             NA
5.6362e-01   1.0000e+00   6.0950e-04             NA
6.6327e-01   1.0000e+00   6.0950e-04             NA
7.6273e-01   1.0000e+00   6.0950e-04             NA
8.6310e-01   1.0000e+00   6.0950e-04             NA
9.6325e-01   1.0000e+00   6.0900e-04             NA
1.0654e+00   1.0000e+00   6.0950e-04             NA
1.1648e+00   1.0000e+00   6.0950e-04             NA
1.2638e+00   1.0000e+00   6.0950e-04             NA
1.3643e+00   1.0000e+00   6.0950e-04             NA
1.4637e+00   1.0000e+00   6.0950e-04             NA
1.5642e+00   1.0000e+00   6.0950e-04             NA
1.6627e+00   1.0000e+00   6.0950e-04             NA
1.7829e+00   1.0000e+00   6.0950e-04             NA
1.8677e+00   1.0000e+00   6.0950e-04             NA
1.9630e+00   1.0000e+00   6.0950e-04             NA
2.0634e+00   1.0000e+00   6.0950e-04             NA
2.1627e+00   1.0000e+00   6.0950e-04             NA
2.2639e+00   1.0000e+00   6.0950e-04             NA
2.3630e+00   1.0000e+00   6.0950e-04             NA
2.4626e+00   1.0000e+00   6.0950e-04             NA
2.5638e+00   1.0000e+00   6.0950e-04             NA
2.6633e+00   1.0000e+00   6.0950e-04             NA
2.7635e+00   1.0000e+00   6.0950e-04             NA
2.8629e+00   1.0000e+00   6.0950e-04             NA
2.9629e+00   1.0000e+00   6.0950e-04             NA
3.0636e+00   1.0000e+00   6.0950e-04             NA
3.1629e+00   1.0000e+00   6.0950e-04             NA
3.2628e+00   1.0000e+00   6.0950e-04             NA
3.3658e+00   1.0000e+00   6.0950e-04             NA
3.4626e+00   1.0000e+00   6.0950e-04             NA
3.5625e+00   1.0000e+00   6.0950e-04             NA
3.6629e+00   1.0000e+00   6.0950e-04             NA
3.7633e+00   1.0000e+00   6.0950e-04             NA
3.8630e+00   1.0000e+00   6.0950e-04             NA
3.9628e+00   1.0000e+00   6.0950e-04             NA
4.0633e+00   1.0000e+00   6.0950e-04             NA
4.1625e+00   1.0000e+00   6.0950e-04             NA
4.2630e+00   1.0000e+00   6.0950e-04             NA
4.3631e+00   1.0000e+00   6.0950e-04             NA
4.4634e+00   1.0000e+00   6.0950e-04             NA
4.5642e+00   1.0000e+00   6.0950e-04             NA
4.6630e+00   1.0010e+00   6.0900e-04             NA
4.7664e+00   1.0000e+00   6.0950e-04             NA
4.8626e+00   1.0000e+00   6.0950e-04             NA
4.9651e+00   1.0000e+00   6.0950e-04             NA
5.0628e+00   1.0000e+00   6.0950e-04             NA
5.1633e+00   1.0000e+00   6.0950e-04             NA
5.2629e+00   1.0000e+00   6.0950e-04             NA
5.3627e+00   1.0000e+00   6.0950e-04             NA
5.4632e+00   1.0000e+00   6.0950e-04             NA
5.5636e+00   1.0000e+00   6.0950e-04             NA
5.6634e+00   1.0000e+00   6.0950e-04             NA
5.7648e+00   1.0000e+00   6.0950e-04             NA
5.8645e+00   1.0000e+00   6.0950e-04             NA
5.9645e+00   1.0000e+00   6.0950e-04             NA
6.0629e+00   1.0000e+00   6.0950e-04             NA
6.1637e+00   1.0000e+00   6.0950e-04             NA
6.2625e+00   1.0000e+00   6.0950e-04             NA
6.3626e+00   1.0000e+00   6.0950e-04             NA
6.4630e+00   1.0000e+00   6.0950e-04             NA
6.5635e+00   1.0000e+00   6.0950e-04             NA
6.6624e+00   1.0000e+00   6.0950e-04             NA
6.7629e+00   1.0000e+00   6.0950e-04             NA
6.8636e+00   1.0000e+00   6.0950e-04             NA
6.9623e+00   1.0000e+00   6.0950e-04             NA
7.0630e+00   1.0000e+00   6.0950e-04             NA
7.1633e+00   1.0000e+00   6.0950e-04             NA
7.2623e+00   1.0000e+00   6.0950e-04             NA
7.3631e+00   1.0000e+00   6.0950e-04             NA
7.4630e+00   1.0000e+00   6.0950e-04             NA
7.5623e+00   1.0000e+00   6.0950e-04             NA
7.6649e+00   1.0000e+00   6.0950e-04             NA
7.7641e+00   1.0000e+00   6.0950e-04             NA
7.8642e+00   1.0000e+00   6.0950e-04             NA
7.9637e+00   1.0010e+00   6.0950e-04             NA
8.0633e+00   1.0000e+00   6.0950e-04             NA
8.1632e+00   1.0000e+00   6.0950e-04             NA
8.2628e+00   1.0000e+00   6.0950e-04             NA
8.3636e+00   1.0000e+00   6.0950e-04             NA
8.4632e+00   1.0000e+00   6.0950e-04             NA
8.5628e+00   1.0000e+00   6.0950e-04             NA
8.6633e+00   2.0010e+00   1.2145e-03             NA
8.7623e+00   2.0010e+00   1.2145e-03             NA
8.8628e+00   2.0010e+00   1.2145e-03             NA
8.9634e+00   2.0010e+00   1.2140e-03             NA
9.0626e+00   2.0010e+00   1.2140e-03             NA
9.1629e+00   2.0010e+00   1.2140e-03             NA
9.2636e+00   2.0010e+00   1.2140e-03             NA
9.3629e+00   2.0010e+00   1.2145e-03             NA
9.4631e+00   2.0010e+00   1.2140e-03             NA
9.5627e+00   2.0010e+00   1.2145e-03             NA
9.6631e+00   2.0010e+00   1.2140e-03             NA
9.7626e+00   2.0010e+00   1.2145e-03             NA
9.8633e+00   2.0010e+00   1.2145e-03             NA
9.9633e+00   2.0010e+00   1.2140e-03             NA
1.0063e+01   2.0010e+00   1.2145e-03             NA
1.0163e+01   2.0010e+00   1.2140e-03             NA
1.0263e+01   2.0010e+00   1.2140e-03             NA
1.0363e+01   2.0010e+00   1.2145e-03             NA
1.0463e+01   2.0010e+00   1.2145e-03             NA
1.0563e+01   2.0010e+00   1.2145e-03             NA
1.0663e+01   2.0010e+00   1.2140e-03             NA
1.0764e+01   2.0010e+00   1.2140e-03             NA
1.0863e+01   2.0010e+00   1.2140e-03             NA
1.0964e+01   2.0010e+00   1.2145e-03             NA
1.1064e+01   2.0010e+00   1.2140e-03             NA
1.1163e+01   2.0010e+00   1.2140e-03             NA
1.1263e+01   2.0010e+00   1.2140e-03             NA
1.1365e+01   2.0010e+00   1.2140e-03             NA
1.1463e+01   2.0010e+00   1.2140e-03             NA
1.1564e+01   2.0010e+00   1.2140e-03             NA
1.1664e+01   2.0010e+00   1.2140e-03             NA
1.1764e+01   2.0010e+00   1.2140e-03             NA
1.1863e+01   2.0010e+00   1.2140e-03             NA
1.1964e+01   2.0010e+00   1.2145e-03             NA
1.2063e+01   2.0010e+00   1.2140e-03             NA
1.2163e+01   2.0010e+00   1.2140e-03             NA
1.2263e+01   2.0010e+00   1.2140e-03             NA
1.2364e+01   2.0010e+00   1.2140e-03             NA
1.2464e+01   2.0010e+00   1.2140e-03             NA
1.2563e+01   2.0010e+00   1.2140e-03             NA
1.2663e+01   2.0010e+00   1.2140e-03             NA
1.2764e+01   2.0010e+00   1.2140e-03             NA
1.2865e+01   2.0010e+00   1.2140e-03             NA
1.2966e+01   2.0010e+00   1.2140e-03             NA
1.3065e+01   2.0010e+00   1.2140e-03             NA
1.3164e+01   2.0010e+00   1.2145e-03             NA
1.3264e+01   2.0010e+00   1.2145e-03             NA
1.3364e+01   2.0010e+00   1.2145e-03             NA
1.3464e+01   2.0010e+00   1.2145e-03             NA
1.3566e+01   2.0010e+00   1.2145e-03             NA
1.3664e+01   2.0010e+00   1.2140e-03             NA
1.3764e+01   2.0010e+00   1.2140e-03             NA
1.3864e+01   2.0010e+00   1.2140e-03             NA
1.3963e+01   2.0010e+00   1.2135e-03             NA
1.4063e+01   2.0010e+00   1.2145e-03             NA
1.4163e+01   2.0010e+00   1.2140e-03             NA
1.4263e+01   2.0010e+00   1.2145e-03             NA
1.4363e+01   2.0010e+00   1.2140e-03             NA
1.4463e+01   2.0010e+00   1.2140e-03             NA
1.4563e+01   2.0010e+00   1.2140e-03             NA
1.4663e+01   3.0010e+00   1.8105e-03             NA
1.4763e+01   3.0010e+00   1.8105e-03             NA
1.4863e+01   3.0010e+00   1.8100e-03             NA
1.4963e+01   3.0010e+00   1.8110e-03             NA
1.5063e+01   3.0010e+00   1.8105e-03             NA
1.5163e+01   3.0010e+00   1.8100e-03             NA
1.5263e+01   3.0010e+00   1.8100e-03             NA
1.5363e+01   3.0010e+00   1.8100e-03             NA
1.5463e+01   3.0010e+00   1.8100e-03             NA
1.5563e+01   3.0010e+00   1.8105e-03             NA
1.5663e+01   3.0010e+00   1.8110e-03             NA
1.5763e+01   3.0010e+00   1.8105e-03             NA
1.5863e+01   3.0010e+00   1.8100e-03             NA
1.5962e+01   3.0010e+00   1.8100e-03             NA
1.6063e+01   3.0010e+00   1.8105e-03             NA
1.6163e+01   3.0010e+00   1.8100e-03             NA
1.6263e+01   3.0010e+00   1.8100e-03             NA
1.6363e+01   3.0010e+00   1.8100e-03             NA
1.6463e+01   3.0010e+00   1.8100e-03             NA
1.6563e+01   3.0010e+00   1.8105e-03             NA
1.6663e+01   3.0010e+00   1.8105e-03             NA
1.6763e+01   3.0010e+00   1.8105e-03             NA
1.6864e+01   3.0010e+00   1.8100e-03             NA
1.6963e+01   3.0010e+00   1.8105e-03             NA
1.7063e+01   3.0010e+00   1.8105e-03             NA
1.7163e+01   3.0010e+00   1.8110e-03             NA
1.7263e+01   3.0010e+00   1.8110e-03             NA
1.7364e+01   3.0010e+00   1.8110e-03             NA
1.7462e+01   3.0010e+00   1.8110e-03             NA
1.7563e+01   3.0010e+00   1.8105e-03             NA
1.7663e+01   3.0010e+00   1.8105e-03             NA
1.7765e+01   3.0010e+00   1.8105e-03             NA
1.7863e+01   3.0010e+00   1.8100e-03             NA
1.7963e+01   3.0010e+00   1.8100e-03             NA
1.8063e+01   3.0010e+00   1.8100e-03             NA
1.8163e+01   3.0010e+00   1.8105e-03             NA
1.8263e+01   3.0010e+00   1.8100e-03             NA
1.8363e+01   3.0010e+00   1.8100e-03             NA
1.8463e+01   3.0010e+00   1.8100e-03             NA
1.8562e+01   3.0010e+00   1.8105e-03             NA
1.8663e+01   3.0010e+00   1.8105e-03             NA
1.8763e+01   3.0010e+00   1.8110e-03             NA
1.8863e+01   3.0010e+00   1.8110e-03             NA
1.8963e+01   3.0010e+00   1.8105e-03             NA
1.9063e+01   3.0010e+00   1.8100e-03             NA
1.9163e+01   3.0010e+00   1.8100e-03             NA
1.9263e+01   3.0010e+00   1.8105e-03             NA
1.9363e+01   3.0010e+00   1.8105e-03             NA
1.9463e+01   3.0010e+00   1.8105e-03             NA
1.9563e+01   3.0010e+00   1.8105e-03             NA
1.9663e+01   3.0010e+00   1.8110e-03             NA
1.9763e+01   3.0010e+00   1.8105e-03             NA
1.9863e+01   3.0010e+00   1.8110e-03             NA
1.9964e+01   3.0010e+00   1.8110e-03             NA
2.0064e+01   4.0000e+00   2.3925e-03             NA
2.0163e+01   4.0010e+00   2.3920e-03             NA
2.0263e+01   4.0010e+00   2.3915e-03             NA
2.0363e+01   4.0000e+00   2.3920e-03             NA
2.0462e+01   4.0000e+00   2.3920e-03             NA
2.0563e+01   4.0010e+00   2.3915e-03             NA
2.0663e+01   4.0010e+00   2.3920e-03             NA
2.0762e+01   4.0000e+00   2.3920e-03             NA
2.0863e+01   4.0000e+00   2.3920e-03             NA
2.0963e+01   4.0010e+00   2.3920e-03             NA
2.1063e+01   4.0000e+00   2.3920e-03             NA
2.1163e+01   4.0000e+00   2.3930e-03             NA
2.1263e+01   4.0000e+00   2.3935e-03             NA
2.1362e+01   4.0000e+00   2.3925e-03             NA
2.1463e+01   4.0010e+00   2.3925e-03             NA
2.1563e+01   4.0000e+00   2.3925e-03             NA
2.1662e+01   4.0000e+00   2.3920e-03             NA
2.1763e+01   4.0000e+00   2.3935e-03             NA
2.1863e+01   4.0000e+00   2.3930e-03             NA
2.1963e+01   4.0000e+00   2.3925e-03             NA
2.2063e+01   4.0010e+00   2.3925e-03             NA
2.2163e+01   4.0010e+00   2.3935e-03             NA
2.2262e+01   4.0010e+00   2.3940e-03             NA
2.2363e+01   4.0010e+00   2.3945e-03             NA
2.2463e+01   4.0010e+00   2.3935e-03             NA
2.2563e+01   4.0000e+00   2.3935e-03             NA
2.2663e+01   4.0000e+00   2.3935e-03             NA
2.2764e+01   4.0010e+00   2.3935e-03             NA
2.2863e+01   4.0010e+00   2.3935e-03             NA
2.2963e+01   4.0000e+00   2.3935e-03             NA
2.3062e+01   4.0010e+00   2.3935e-03             NA
2.3163e+01   4.0000e+00   2.3935e-03             NA
2.3263e+01   4.0010e+00   2.3930e-03             NA
2.3364e+01   4.0010e+00   2.3925e-03             NA
2.3463e+01   4.0000e+00   2.3935e-03             NA
2.3565e+01   4.0010e+00   2.3940e-03             NA
2.3665e+01   4.0010e+00   2.3930e-03             NA
2.3763e+01   4.0010e+00   2.3930e-03             NA
2.3863e+01   4.0010e+00   2.3930e-03             NA
2.3964e+01   4.0000e+00   2.3940e-03             NA
2.4063e+01   4.0000e+00   2.3935e-03             NA
2.4163e+01   4.0010e+00   2.3930e-03             NA
2.4263e+01   4.0000e+00   2.3930e-03             NA
Finised 

