8.0975e-01   1.0000e+00   3.8950e-04             NA
1.2404e+00   1.0000e+00   3.8950e-04             NA
1.6482e+00   1.0000e+00   3.8850e-04             NA
1.7464e+00   1.0000e+00   3.8950e-04             NA
1.9819e+00   1.0000e+00   3.9700e-04             NA
2.1909e+00   1.0000e+00   3.9700e-04             NA
2.4192e+00   1.0000e+00   3.9500e-04             NA
2.8594e+00   1.0000e+00   3.9950e-04             NA
2.9127e+00   1.0000e+00   3.9900e-04             NA
3.3385e+00   1.0000e+00   4.0000e-04             NA
3.5819e+00   1.0000e+00   4.0050e-04             NA
3.6376e+00   1.0000e+00   3.9600e-04             NA
4.0450e+00   1.0000e+00   4.0100e-04             NA
4.2907e+00   1.0000e+00   4.0100e-04             NA
4.5216e+00   1.0000e+00   3.9800e-04             NA
4.5865e+00   1.0000e+00   3.9400e-04             NA
4.9794e+00   1.0000e+00   3.9400e-04             NA
5.2205e+00   1.0000e+00   3.9500e-04             NA
5.2853e+00   1.0000e+00   3.9350e-04             NA
5.4987e+00   1.0000e+00   3.9450e-04             NA
5.9131e+00   1.0000e+00   3.9300e-04             NA
5.9851e+00   1.0000e+00   3.8950e-04             NA
6.3645e+00   1.0003e+00   3.9350e-04             NA
6.4167e+00   1.0000e+00   3.9150e-04             NA
6.8093e+00   1.0000e+00   3.8450e-04             NA
7.0383e+00   1.0000e+00   3.8650e-04             NA
7.0884e+00   1.0000e+00   3.7800e-04             NA
7.3062e+00   1.0000e+00   3.7000e-04             NA
7.6936e+00   1.0000e+00   3.8250e-04             NA
7.9352e+00   1.0000e+00   3.8600e-04             NA
8.1640e+00   1.0000e+00   3.8100e-04             NA
8.2099e+00   1.0000e+00   3.8000e-04             NA
8.5956e+00   1.0000e+00   3.9000e-04             NA
8.8334e+00   1.0000e+00   3.9100e-04             NA
9.0533e+00   1.0000e+00   3.8450e-04             NA
9.1043e+00   1.0000e+00   3.8350e-04             NA
9.5159e+00   1.0000e+00   3.8000e-04             NA
9.7305e+00   1.0000e+00   3.7800e-04             NA
9.9570e+00   1.0000e+00   3.8100e-04             NA
1.0190e+01   1.0000e+00   3.7300e-04             NA
1.0286e+01   1.0000e+00   3.7600e-04             NA
1.0673e+01   1.0000e+00   3.9050e-04             NA
1.0898e+01   1.0000e+00   3.7400e-04             NA
1.1151e+01   1.0000e+00   3.7800e-04             NA
1.1394e+01   1.0000e+00   3.9250e-04             NA
1.1623e+01   1.0000e+00   3.8600e-04             NA
1.1884e+01   1.0000e+00   3.9350e-04             NA
1.2121e+01   1.0000e+00   3.8900e-04             NA
1.2186e+01   1.0000e+00   3.9250e-04             NA
1.2569e+01   1.0000e+00   3.9200e-04             NA
1.2805e+01   1.0000e+00   3.9300e-04             NA
1.3050e+01   1.0000e+00   3.9350e-04             NA
1.3307e+01   1.0000e+00   3.8650e-04             NA
1.3559e+01   1.0000e+00   3.9000e-04             NA
1.3792e+01   1.0000e+00   3.9400e-04             NA
1.4031e+01   1.0000e+00   3.9350e-04             NA
1.4086e+01   1.0000e+00   3.9550e-04             NA
1.4489e+01   1.0000e+00   3.9350e-04             NA
1.4716e+01   1.0000e+00   3.9100e-04             NA
1.4945e+01   1.0000e+00   3.9600e-04             NA
1.5189e+01   1.0000e+00   3.9700e-04             NA
1.5286e+01   1.0000e+00   3.9450e-04             NA
1.5404e+01   1.0000e+00   3.9500e-04             NA
1.5777e+01   1.0000e+00   3.9350e-04             NA
1.5992e+01   1.0000e+00   3.8900e-04             NA
1.6257e+01   1.0000e+00   4.0100e-04             NA
1.6310e+01   1.0000e+00   4.0050e-04             NA
1.6520e+01   1.0000e+00   3.9500e-04             NA
1.6919e+01   1.0000e+00   3.9550e-04             NA
1.7165e+01   1.0000e+00   4.0150e-04             NA
1.7415e+01   1.0000e+00   3.9850e-04             NA
1.7695e+01   1.0000e+00   3.9750e-04             NA
1.7905e+01   1.0000e+00   3.9650e-04             NA
1.8146e+01   1.0000e+00   3.9450e-04             NA
1.8204e+01   1.0000e+00   3.9600e-04             NA
1.8649e+01   1.0000e+00   3.9700e-04             NA
1.8900e+01   1.0000e+00   3.9600e-04             NA
1.9150e+01   1.0000e+00   3.9850e-04             NA
1.9398e+01   1.0000e+00   3.9850e-04             NA
1.9486e+01   1.0000e+00   3.9650e-04             NA
1.9848e+01   1.0000e+00   3.9850e-04             NA
2.0311e+01   2.0003e+00   1.1450e-03             NA
2.0386e+01   2.0003e+00   1.1450e-03             NA
2.0568e+01   2.0003e+00   1.1450e-03             NA
2.0949e+01   2.0003e+00   1.1445e-03             NA
2.1170e+01   2.0003e+00   1.1440e-03             NA
2.1469e+01   2.0003e+00   1.1450e-03             NA
2.1674e+01   2.0003e+00   1.1450e-03             NA
2.1893e+01   2.0003e+00   1.1450e-03             NA
2.2116e+01   2.0003e+00   1.1450e-03             NA
2.2349e+01   2.0003e+00   1.1445e-03             NA
2.2574e+01   2.0003e+00   1.1450e-03             NA
2.2796e+01   2.0003e+00   1.1450e-03             NA
2.3028e+01   2.0003e+00   1.1450e-03             NA
2.3262e+01   2.0003e+00   1.1450e-03             NA
2.3524e+01   2.0003e+00   1.1450e-03             NA
2.3746e+01   2.0003e+00   1.1450e-03             NA
2.3966e+01   2.0003e+00   1.1450e-03             NA
2.4190e+01   2.0003e+00   1.1445e-03             NA
2.4411e+01   2.0003e+00   1.1440e-03             NA
2.4695e+01   2.0003e+00   1.1440e-03             NA
2.4946e+01   2.0003e+00   1.1440e-03             NA
2.5182e+01   2.0003e+00   1.1435e-03             NA
2.5235e+01   2.0003e+00   1.1440e-03             NA
2.5633e+01   2.0003e+00   1.1435e-03             NA
2.5859e+01   2.0003e+00   1.1435e-03             NA
2.6057e+01   2.0003e+00   1.1435e-03             NA
2.6303e+01   2.0003e+00   1.1435e-03             NA
2.6552e+01   2.0003e+00   1.1435e-03             NA
2.6755e+01   2.0003e+00   1.1430e-03             NA
2.6957e+01   2.0003e+00   1.1435e-03             NA
2.7180e+01   2.0003e+00   1.1435e-03             NA
2.7397e+01   2.0003e+00   1.1435e-03             NA
2.7628e+01   2.0003e+00   1.1435e-03             NA
2.7853e+01   2.0003e+00   1.1430e-03             NA
2.8091e+01   2.0003e+00   1.1435e-03             NA
2.8362e+01   2.0003e+00   1.1435e-03             NA
2.8637e+01   2.0003e+00   1.1435e-03             NA
2.8853e+01   2.0003e+00   1.1445e-03             NA
2.9069e+01   2.0003e+00   1.1445e-03             NA
2.9292e+01   2.0003e+00   1.1440e-03             NA
2.9509e+01   2.0003e+00   1.1450e-03             NA
2.9709e+01   2.0003e+00   1.1445e-03             NA
3.0016e+01   3.0008e+00   1.6845e-03             NA
3.0086e+01   3.0008e+00   1.7110e-03             NA
3.0453e+01   3.0005e+00   1.7030e-03             NA
3.0676e+01   3.0005e+00   1.8005e-03             NA
3.0906e+01   3.0005e+00   1.8015e-03             NA
3.1120e+01   3.0005e+00   1.8030e-03             NA
3.1402e+01   3.0008e+00   1.8040e-03             NA
3.1616e+01   3.0008e+00   1.8035e-03             NA
3.1821e+01   3.0008e+00   1.8045e-03             NA
3.1884e+01   3.0005e+00   1.8045e-03             NA
3.2053e+01   3.0008e+00   1.8050e-03             NA
3.2363e+01   3.0005e+00   1.8060e-03             NA
3.2407e+01   3.0008e+00   1.8060e-03             NA
3.2739e+01   3.0005e+00   1.8070e-03             NA
3.2930e+01   3.0005e+00   1.8070e-03             NA
3.3134e+01   3.0008e+00   1.8075e-03             NA
3.3358e+01   3.0005e+00   1.8080e-03             NA
3.3606e+01   3.0008e+00   1.8080e-03             NA
3.3799e+01   3.0008e+00   1.8090e-03             NA
3.4009e+01   3.0008e+00   1.8095e-03             NA
3.4219e+01   3.0008e+00   1.8090e-03             NA
3.4418e+01   3.0008e+00   1.8095e-03             NA
3.4634e+01   3.0008e+00   1.8095e-03             NA
3.4854e+01   3.0008e+00   1.8100e-03             NA
3.5044e+01   3.0008e+00   1.8110e-03             NA
3.5087e+01   3.0008e+00   1.8110e-03             NA
3.5461e+01   3.0008e+00   1.8110e-03             NA
3.5672e+01   3.0008e+00   1.8115e-03             NA
3.5870e+01   3.0008e+00   1.8115e-03             NA
3.6074e+01   3.0008e+00   1.8120e-03             NA
3.6295e+01   3.0005e+00   1.8125e-03             NA
3.6386e+01   3.0008e+00   1.8120e-03             NA
3.6683e+01   3.0008e+00   1.8125e-03             NA
3.6890e+01   3.0005e+00   1.8125e-03             NA
3.7088e+01   3.0008e+00   1.8125e-03             NA
3.7291e+01   3.0008e+00   1.8125e-03             NA
3.7480e+01   3.0008e+00   1.8130e-03             NA
3.7687e+01   3.0008e+00   1.8135e-03             NA
3.7868e+01   3.0005e+00   1.8130e-03             NA
3.8063e+01   3.0008e+00   1.8135e-03             NA
3.8272e+01   3.0008e+00   1.8135e-03             NA
3.8470e+01   3.0008e+00   1.8125e-03             NA
3.8671e+01   3.0008e+00   1.8130e-03             NA
3.8869e+01   3.0005e+00   1.8130e-03             NA
3.9065e+01   3.0005e+00   1.8130e-03             NA
3.9241e+01   3.0008e+00   1.8135e-03             NA
3.9284e+01   3.0008e+00   1.8130e-03             NA
3.9625e+01   3.0008e+00   1.8130e-03             NA
3.9854e+01   3.0008e+00   1.8135e-03             NA
4.0084e+01   3.0008e+00   1.8140e-03             NA
4.0133e+01   3.0008e+00   1.8145e-03             NA
4.0525e+01   3.0005e+00   1.8140e-03             NA
4.0741e+01   3.0005e+00   1.8140e-03             NA
4.0948e+01   3.0008e+00   1.8140e-03             NA
4.1160e+01   3.0008e+00   1.8145e-03             NA
4.1366e+01   3.0008e+00   1.8145e-03             NA
4.1581e+01   3.0008e+00   1.8145e-03             NA
4.1787e+01   3.0005e+00   1.8145e-03             NA
4.1997e+01   3.0008e+00   1.8145e-03             NA
4.2211e+01   3.0008e+00   1.8145e-03             NA
4.2413e+01   3.0008e+00   1.8145e-03             NA
4.2844e+01   3.0008e+00   1.8145e-03             NA
4.3047e+01   3.0008e+00   1.8145e-03             NA
4.3511e+01   4.0003e+00   2.4275e-03             NA
4.3586e+01   4.0005e+00   2.4250e-03             NA
4.3896e+01   4.0003e+00   2.4200e-03             NA
4.4102e+01   4.0005e+00   2.4155e-03             NA
4.4334e+01   4.0005e+00   2.4075e-03             NA
4.4411e+01   4.0005e+00   2.4010e-03             NA
4.4747e+01   4.0005e+00   2.3935e-03             NA
4.4922e+01   4.0005e+00   2.3595e-03             NA
4.5115e+01   4.0005e+00   2.4330e-03             NA
4.5192e+01   4.0005e+00   2.4145e-03             NA
4.5599e+01   4.0005e+00   2.4470e-03             NA
4.5779e+01   4.0003e+00   2.4455e-03             NA
4.5981e+01   4.0003e+00   2.4430e-03             NA
4.6030e+01   4.0003e+00   2.4425e-03             NA
4.6415e+01   4.0003e+00   2.4380e-03             NA
4.6637e+01   4.0005e+00   2.4365e-03             NA
4.6854e+01   4.0005e+00   2.4350e-03             NA
4.7083e+01   4.0005e+00   2.4325e-03             NA
4.7312e+01   4.0005e+00   2.4310e-03             NA
4.7534e+01   4.0005e+00   2.4290e-03             NA
4.7762e+01   4.0005e+00   2.4230e-03             NA
4.7988e+01   4.0005e+00   2.4185e-03             NA
4.8211e+01   4.0005e+00   2.3955e-03             NA
4.8428e+01   4.0003e+00   2.4555e-03             NA
4.8651e+01   4.0005e+00   2.4555e-03             NA
4.8849e+01   4.0003e+00   2.4550e-03             NA
4.9065e+01   4.0005e+00   2.4550e-03             NA
4.9311e+01   4.0005e+00   2.4540e-03             NA
4.9521e+01   4.0005e+00   2.4535e-03             NA
4.9745e+01   4.0005e+00   2.4540e-03             NA
4.9977e+01   4.0005e+00   2.4540e-03             NA
5.0208e+01   4.0003e+00   2.4545e-03             NA
5.0286e+01   4.0005e+00   2.4540e-03             NA
5.0620e+01   4.0005e+00   2.4545e-03             NA
5.0844e+01   4.0005e+00   2.4540e-03             NA
5.1062e+01   4.0005e+00   2.4540e-03             NA
5.1302e+01   4.0005e+00   2.4535e-03             NA
5.1533e+01   4.0005e+00   2.4545e-03             NA
5.1762e+01   4.0005e+00   2.4550e-03             NA
5.1982e+01   4.0005e+00   2.4550e-03             NA
5.2199e+01   4.0003e+00   2.4550e-03             NA
5.2415e+01   4.0005e+00   2.4545e-03             NA
5.2627e+01   4.0003e+00   2.4550e-03             NA
5.2855e+01   4.0005e+00   2.4545e-03             NA
5.3060e+01   4.0005e+00   2.4550e-03             NA
5.3288e+01   4.0005e+00   2.4540e-03             NA
5.3507e+01   4.0005e+00   2.4540e-03             NA
5.3706e+01   4.0005e+00   2.4540e-03             NA
5.3893e+01   4.0005e+00   2.4540e-03             NA
5.4092e+01   4.0005e+00   2.4545e-03             NA
5.4377e+01   4.0005e+00   2.4555e-03             NA
5.4582e+01   4.0005e+00   2.4555e-03             NA
5.4803e+01   4.0005e+00   2.4560e-03             NA
5.5018e+01   4.0005e+00   2.4565e-03             NA
5.5242e+01   4.0005e+00   2.4565e-03             NA
5.5461e+01   4.0005e+00   2.4565e-03             NA
5.5676e+01   4.0005e+00   2.4565e-03             NA
5.5897e+01   4.0005e+00   2.4565e-03             NA
5.6160e+01   4.0005e+00   2.4565e-03             NA
5.6383e+01   4.0005e+00   2.4565e-03             NA
5.6598e+01   4.0005e+00   2.4565e-03             NA
5.6823e+01   4.0003e+00   2.4565e-03             NA
5.7042e+01   4.0003e+00   2.4560e-03             NA
5.7252e+01   4.0003e+00   2.4555e-03             NA
5.7455e+01   4.0005e+00   2.4555e-03             NA
5.7680e+01   4.0005e+00   2.4550e-03             NA
5.7901e+01   4.0005e+00   2.4550e-03             NA
5.8116e+01   4.0005e+00   2.4550e-03             NA
5.8352e+01   4.0005e+00   2.4550e-03             NA
5.8563e+01   4.0005e+00   2.4545e-03             NA
5.8782e+01   4.0005e+00   2.4545e-03             NA
5.8988e+01   4.0005e+00   2.4545e-03             NA
5.9194e+01   4.0005e+00   2.4540e-03             NA
5.9414e+01   4.0003e+00   2.4535e-03             NA
5.9629e+01   4.0005e+00   2.4535e-03             NA
5.9860e+01   4.0005e+00   2.4535e-03             NA
6.0084e+01   4.0005e+00   2.4535e-03             NA
6.0125e+01   4.0005e+00   2.4535e-03             NA
6.0519e+01   4.0005e+00   2.4530e-03             NA
6.0742e+01   4.0005e+00   2.4520e-03             NA
6.0961e+01   4.0003e+00   2.4520e-03             NA
6.1178e+01   4.0005e+00   2.4520e-03             NA
6.2059e+01   2.0003e+00   1.2580e-03             NA
6.2282e+01   2.0003e+00   1.2580e-03             NA
6.2500e+01   2.0003e+00   1.2580e-03             NA
6.2723e+01   2.0003e+00   1.2585e-03             NA
6.2936e+01   2.0003e+00   1.2580e-03             NA
6.3149e+01   2.0003e+00   1.2580e-03             NA
6.3341e+01   2.0003e+00   1.2580e-03             NA
6.3542e+01   2.0003e+00   1.2580e-03             NA
6.3735e+01   2.0003e+00   1.2580e-03             NA
6.3916e+01   2.0003e+00   1.2580e-03             NA
6.4101e+01   2.0003e+00   1.2585e-03             NA
6.4185e+01   2.0003e+00   1.2580e-03             NA
6.4476e+01   2.0003e+00   1.2585e-03             NA
6.4676e+01   2.0003e+00   1.2585e-03             NA
6.4867e+01   2.0003e+00   1.2585e-03             NA
6.5059e+01   2.0003e+00   1.2585e-03             NA
6.5244e+01   2.0003e+00   1.2585e-03             NA
6.5283e+01   2.0003e+00   1.2585e-03             NA
6.5618e+01   2.0003e+00   1.2580e-03             NA
6.5861e+01   2.0003e+00   1.2580e-03             NA
6.6074e+01   2.0003e+00   1.2585e-03             NA
6.6324e+01   2.0003e+00   1.2580e-03             NA
6.6542e+01   2.0003e+00   1.2580e-03             NA
6.6737e+01   2.0003e+00   1.2580e-03             NA
6.6939e+01   2.0003e+00   1.2585e-03             NA
6.7124e+01   2.0003e+00   1.2585e-03             NA
6.7313e+01   2.0003e+00   1.2585e-03             NA
6.7493e+01   2.0003e+00   1.2585e-03             NA
6.7657e+01   2.0003e+00   1.2585e-03             NA
6.7858e+01   2.0003e+00   1.2585e-03             NA
6.7897e+01   2.0003e+00   1.2585e-03             NA
6.8248e+01   1.0000e+00   6.3350e-04             NA
6.8482e+01   1.0000e+00   6.3350e-04             NA
6.8675e+01   1.0000e+00   6.3350e-04             NA
6.8857e+01   1.0000e+00   6.3350e-04             NA
6.9068e+01   1.0000e+00   6.3350e-04             NA
6.9278e+01   1.0000e+00   6.3350e-04             NA
6.9476e+01   1.0000e+00   6.3350e-04             NA
6.9691e+01   1.0000e+00   6.3350e-04             NA
6.9884e+01   1.0000e+00   6.3350e-04             NA
7.0078e+01   1.0000e+00   6.3350e-04             NA
7.0118e+01   1.0000e+00   6.3350e-04             NA
7.0456e+01   1.0000e+00   6.3350e-04             NA
7.0652e+01   1.0000e+00   6.3350e-04             NA
7.0839e+01   1.0000e+00   6.3350e-04             NA
7.1022e+01   1.0000e+00   6.3350e-04             NA
7.1230e+01   1.0000e+00   6.3350e-04             NA
7.1505e+01   1.0000e+00   6.3350e-04             NA
7.1688e+01   1.0000e+00   6.3350e-04             NA
7.1884e+01   1.0000e+00   6.3350e-04             NA
7.2077e+01   1.0000e+00   6.3350e-04             NA
7.2291e+01   1.0000e+00   6.3350e-04             NA
7.2511e+01   1.0000e+00   6.3350e-04             NA
7.2727e+01   1.0000e+00   6.3350e-04             NA
7.2928e+01   1.0003e+00   6.3350e-04             NA
7.3132e+01   1.0000e+00   6.3350e-04             NA
7.3347e+01   1.0000e+00   6.3350e-04             NA
7.3538e+01   1.0000e+00   6.3350e-04             NA
7.3730e+01   1.0000e+00   6.3350e-04             NA
7.3940e+01   1.0000e+00   6.3350e-04             NA
7.4139e+01   1.0000e+00   6.3350e-04             NA
7.4377e+01   1.0000e+00   6.3350e-04             NA
7.4580e+01   1.0000e+00   6.3400e-04             NA
7.4796e+01   1.0000e+00   6.3400e-04             NA
7.5001e+01   1.0000e+00   6.3400e-04             NA
7.5207e+01   1.0000e+00   6.3350e-04             NA
7.5434e+01   1.0000e+00   6.3350e-04             NA
7.5618e+01   1.0000e+00   6.3400e-04             NA
7.5825e+01   1.0000e+00   6.3400e-04             NA
7.6020e+01   1.0000e+00   6.3350e-04             NA
7.6221e+01   1.0000e+00   6.3400e-04             NA
7.6284e+01   1.0000e+00   6.3400e-04             NA
7.6607e+01   1.0000e+00   6.3400e-04             NA
7.6784e+01   1.0003e+00   6.3400e-04             NA
7.6969e+01   1.0000e+00   6.3400e-04             NA
7.7006e+01   1.0000e+00   6.3400e-04             NA
7.7383e+01   1.0000e+00   6.3400e-04             NA
7.7559e+01   1.0000e+00   6.3400e-04             NA
7.7723e+01   1.0000e+00   6.3400e-04             NA
7.7896e+01   1.0000e+00   6.3400e-04             NA
7.8083e+01   1.0000e+00   6.3400e-04             NA
7.8310e+01   1.0000e+00   6.3400e-04             NA
7.8493e+01   1.0000e+00   6.3400e-04             NA
7.8667e+01   1.0000e+00   6.3400e-04             NA
7.8854e+01   1.0000e+00   6.3400e-04             NA
7.9040e+01   1.0000e+00   6.3400e-04             NA
7.9254e+01   1.0000e+00   6.3400e-04             NA
7.9442e+01   1.0000e+00   6.3400e-04             NA
7.9628e+01   1.0000e+00   6.3400e-04             NA
7.9812e+01   1.0000e+00   6.3400e-04             NA
7.9991e+01   1.0000e+00   6.3400e-04             NA
8.0186e+01   1.0000e+00   6.3400e-04             NA
8.0293e+01   1.0000e+00   6.3400e-04             NA
8.0524e+01   1.0000e+00   6.3400e-04             NA
8.0712e+01   1.0000e+00   6.3400e-04             NA
8.0893e+01   1.0000e+00   6.3400e-04             NA
8.1105e+01   1.0000e+00   6.3400e-04             NA
8.1341e+01   1.0000e+00   6.3400e-04             NA
8.1547e+01   1.0000e+00   6.3400e-04             NA
8.1718e+01   1.0000e+00   6.3400e-04             NA
8.1916e+01   1.0000e+00   6.3400e-04             NA
8.2108e+01   1.0000e+00   6.3400e-04             NA
8.2389e+01   1.0000e+00   6.3400e-04             NA
8.2583e+01   1.0000e+00   6.3400e-04             NA
8.2814e+01   1.0000e+00   6.3400e-04             NA
8.3000e+01   1.0000e+00   6.3400e-04             NA
8.3184e+01   1.0000e+00   6.3400e-04             NA
8.3400e+01   1.0000e+00   6.3400e-04             NA
8.3583e+01   1.0000e+00   6.3400e-04             NA
Finised 

