  Measurement Number     Measurement type
                   1               OnLine

      Measurement ID                     
       739561.731867                     

          Force Mode                Value         MeasureRange
             Voltage                    0         1.000000e-02

    Supply Complince     Integrating time     Refresh interval
        1.000000e-01                    0                    0

        Time      Voltage      Current  Temperature
4.0040e-02   1.0000e+00   7.2500e-04             NA
1.3864e-01   1.0000e+00   7.2500e-04             NA
2.3675e-01   1.0000e+00   7.2500e-04             NA
3.3697e-01   1.0000e+00   7.2500e-04             NA
4.3731e-01   1.0000e+00   7.2500e-04             NA
5.3664e-01   1.0000e+00   7.2500e-04             NA
6.3641e-01   1.0000e+00   7.2500e-04             NA
7.4574e-01   1.0000e+00   7.2500e-04             NA
8.3778e-01   1.0000e+00   7.2500e-04             NA
9.3789e-01   1.0000e+00   7.2500e-04             NA
1.0373e+00   1.0000e+00   7.2500e-04             NA
1.1374e+00   1.0000e+00   7.2500e-04             NA
1.2372e+00   1.0000e+00   7.2500e-04             NA
1.3377e+00   1.0000e+00   7.2500e-04             NA
1.4374e+00   1.0000e+00   7.2500e-04             NA
1.5371e+00   1.0000e+00   7.2500e-04             NA
1.6373e+00   1.0000e+00   7.2500e-04             NA
1.7369e+00   1.0000e+00   7.2500e-04             NA
1.8367e+00   1.0000e+00   7.2500e-04             NA
1.9366e+00   1.0000e+00   7.2500e-04             NA
2.0370e+00   1.0000e+00   7.2500e-04             NA
2.1362e+00   1.0000e+00   7.2500e-04             NA
2.2437e+00   1.0000e+00   7.2500e-04             NA
2.3377e+00   1.0000e+00   7.2500e-04             NA
2.4373e+00   1.0000e+00   7.2500e-04             NA
2.5374e+00   1.0010e+00   7.2500e-04             NA
2.6370e+00   1.0000e+00   7.2500e-04             NA
2.7375e+00   1.0000e+00   7.2500e-04             NA
2.8369e+00   1.0000e+00   7.2500e-04             NA
2.9371e+00   1.0000e+00   7.2500e-04             NA
3.0375e+00   1.0000e+00   7.2500e-04             NA
3.1368e+00   1.0000e+00   7.2500e-04             NA
3.2368e+00   1.0000e+00   7.2500e-04             NA
3.3373e+00   1.0000e+00   7.2500e-04             NA
3.4367e+00   1.0000e+00   7.2500e-04             NA
3.5364e+00   1.0000e+00   7.2500e-04             NA
3.6392e+00   1.0000e+00   7.2500e-04             NA
3.7374e+00   1.0000e+00   7.2500e-04             NA
3.8481e+00   1.0000e+00   7.2500e-04             NA
3.9407e+00   1.0000e+00   7.2500e-04             NA
4.0390e+00   1.0000e+00   7.2500e-04             NA
4.1389e+00   1.0000e+00   7.2500e-04             NA
4.4468e+00   1.0010e+00   7.2500e-04             NA
4.7251e+00   1.0000e+00   7.2500e-04             NA
4.7648e+00   1.0000e+00   7.2500e-04             NA
4.9626e+00   1.0000e+00   7.2500e-04             NA
5.1289e+00   1.0000e+00   7.2500e-04             NA
5.3009e+00   1.0000e+00   7.2500e-04             NA
5.4647e+00   1.0000e+00   7.2500e-04             NA
5.6179e+00   1.0000e+00   7.2500e-04             NA
5.9394e+00   1.0000e+00   7.2500e-04             NA
6.0389e+00   1.0010e+00   7.2500e-04             NA
6.1384e+00   1.0000e+00   7.2500e-04             NA
6.4076e+00   1.0010e+00   7.2500e-04             NA
6.5792e+00   1.0000e+00   7.2500e-04             NA
6.6366e+00   1.0000e+00   7.2500e-04             NA
6.9537e+00   1.0000e+00   7.2500e-04             NA
7.1256e+00   1.0000e+00   7.2500e-04             NA
7.1584e+00   1.0000e+00   7.2500e-04             NA
7.4530e+00   1.0000e+00   7.2500e-04             NA
7.6307e+00   1.0000e+00   7.2500e-04             NA
7.7922e+00   1.0000e+00   7.2500e-04             NA
7.9908e+00   1.0000e+00   7.2500e-04             NA
8.1540e+00   1.0000e+00   7.2500e-04             NA
8.2372e+00   1.0000e+00   7.2500e-04             NA
8.4739e+00   1.0000e+00   7.2500e-04             NA
8.6509e+00   1.0000e+00   7.2500e-04             NA
8.7380e+00   1.0000e+00   7.2500e-04             NA
8.9956e+00   1.0000e+00   7.2500e-04             NA
9.1622e+00   1.0000e+00   7.2500e-04             NA
9.2372e+00   1.0000e+00   7.2500e-04             NA
9.4753e+00   1.0000e+00   7.2500e-04             NA
9.6473e+00   1.0000e+00   7.2500e-04             NA
9.8153e+00   1.0000e+00   7.2500e-04             NA
1.0025e+01   1.0000e+00   7.2500e-04             NA
1.0059e+01   1.0000e+00   7.2500e-04             NA
1.0362e+01   1.0000e+00   7.2500e-04             NA
1.0535e+01   1.0000e+00   7.2500e-04             NA
1.0698e+01   1.0000e+00   7.2500e-04             NA
1.0877e+01   1.0000e+00   7.2500e-04             NA
1.1068e+01   1.0000e+00   7.2500e-04             NA
1.1137e+01   1.0000e+00   7.2500e-04             NA
1.1382e+01   1.0000e+00   7.2500e-04             NA
1.1547e+01   1.0000e+00   7.2500e-04             NA
1.1720e+01   1.0000e+00   7.2500e-04             NA
1.1931e+01   1.0000e+00   7.2500e-04             NA
1.2099e+01   1.0000e+00   7.2500e-04             NA
1.2137e+01   1.0000e+00   7.2500e-04             NA
1.2415e+01   1.0000e+00   7.2500e-04             NA
1.2584e+01   1.0000e+00   7.2500e-04             NA
1.2749e+01   1.0000e+00   7.2500e-04             NA
1.2957e+01   1.0000e+00   7.2500e-04             NA
1.3037e+01   1.0000e+00   7.2500e-04             NA
1.3138e+01   1.0010e+00   7.2500e-04             NA
1.3416e+01   1.0010e+00   7.2500e-04             NA
1.3579e+01   1.0000e+00   7.2500e-04             NA
1.3660e+01   2.0010e+00   1.4450e-03             NA
1.3807e+01   2.0010e+00   1.4450e-03             NA
1.4148e+01   2.0010e+00   1.4450e-03             NA
1.4237e+01   2.0010e+00   1.4450e-03             NA
1.4437e+01   2.0010e+00   1.4450e-03             NA
1.4602e+01   2.0010e+00   1.4450e-03             NA
1.4753e+01   2.0010e+00   1.4450e-03             NA
1.4955e+01   2.0010e+00   1.4450e-03             NA
1.5128e+01   2.0010e+00   1.4450e-03             NA
1.5295e+01   2.0010e+00   1.4450e-03             NA
1.5454e+01   2.0010e+00   1.4450e-03             NA
1.5611e+01   2.0010e+00   1.4450e-03             NA
1.5764e+01   2.0010e+00   1.4450e-03             NA
1.5956e+01   2.0010e+00   1.4450e-03             NA
1.6122e+01   2.0010e+00   1.4450e-03             NA
1.6287e+01   2.0010e+00   1.4450e-03             NA
1.6444e+01   2.0010e+00   1.4450e-03             NA
1.6605e+01   2.0010e+00   1.4450e-03             NA
1.6771e+01   2.0010e+00   1.4450e-03             NA
1.6838e+01   2.0010e+00   1.4450e-03             NA
1.7151e+01   2.0010e+00   1.4450e-03             NA
1.7319e+01   2.0010e+00   1.4450e-03             NA
1.7489e+01   2.0010e+00   1.4450e-03             NA
1.7654e+01   2.0010e+00   1.4450e-03             NA
1.7822e+01   2.0010e+00   1.4450e-03             NA
1.8028e+01   2.0010e+00   1.4450e-03             NA
1.8062e+01   2.0010e+00   1.4450e-03             NA
1.8342e+01   2.0010e+00   1.4450e-03             NA
1.8498e+01   2.0010e+00   1.4450e-03             NA
1.8669e+01   2.0010e+00   1.4450e-03             NA
1.8824e+01   2.0010e+00   1.4450e-03             NA
1.9023e+01   2.0010e+00   1.4450e-03             NA
1.9185e+01   2.0010e+00   1.4450e-03             NA
1.9343e+01   2.0010e+00   1.4450e-03             NA
1.9535e+01   2.0010e+00   1.4450e-03             NA
1.9707e+01   2.0010e+00   1.4450e-03             NA
1.9865e+01   2.0010e+00   1.4450e-03             NA
2.0073e+01   2.0010e+00   1.4450e-03             NA
2.0138e+01   2.0010e+00   1.4450e-03             NA
2.0407e+01   2.0010e+00   1.4450e-03             NA
2.0568e+01   2.0010e+00   1.4450e-03             NA
2.0737e+01   2.0010e+00   1.4450e-03             NA
2.0910e+01   2.0010e+00   1.4450e-03             NA
2.1095e+01   2.0010e+00   1.4450e-03             NA
2.1260e+01   2.0010e+00   1.4450e-03             NA
2.1419e+01   2.0010e+00   1.4450e-03             NA
2.1587e+01   2.0010e+00   1.4450e-03             NA
2.1742e+01   2.0010e+00   1.4450e-03             NA
2.1905e+01   2.0010e+00   1.4450e-03             NA
2.2093e+01   2.0010e+00   1.4450e-03             NA
2.2136e+01   2.0010e+00   1.4450e-03             NA
2.2401e+01   2.0010e+00   1.4450e-03             NA
2.2572e+01   2.0010e+00   1.4450e-03             NA
2.2736e+01   2.0010e+00   1.4450e-03             NA
2.2890e+01   2.0010e+00   1.4450e-03             NA
2.3090e+01   2.0010e+00   1.4450e-03             NA
2.3254e+01   2.0010e+00   1.4450e-03             NA
2.3420e+01   2.0010e+00   1.4450e-03             NA
2.3588e+01   2.0010e+00   1.4450e-03             NA
2.3755e+01   2.0010e+00   1.4450e-03             NA
2.3927e+01   2.0010e+00   1.4450e-03             NA
2.4120e+01   2.0010e+00   1.4450e-03             NA
2.4151e+01   2.0010e+00   1.4450e-03             NA
2.4433e+01   2.0010e+00   1.4450e-03             NA
2.4585e+01   2.0010e+00   1.4450e-03             NA
2.4743e+01   2.0010e+00   1.4450e-03             NA
2.4904e+01   2.0010e+00   1.4450e-03             NA
2.5101e+01   2.0010e+00   1.4450e-03             NA
2.5138e+01   2.0010e+00   1.4450e-03             NA
2.5415e+01   2.0010e+00   1.4450e-03             NA
2.5576e+01   2.0010e+00   1.4450e-03             NA
2.5780e+01   3.0010e+00   2.1650e-03             NA
2.5838e+01   3.0010e+00   2.1700e-03             NA
2.6125e+01   3.0010e+00   2.1700e-03             NA
2.6287e+01   3.0010e+00   2.1700e-03             NA
2.6450e+01   3.0010e+00   2.1650e-03             NA
2.6608e+01   3.0010e+00   2.1650e-03             NA
2.6780e+01   3.0010e+00   2.1650e-03             NA
2.6941e+01   3.0010e+00   2.1650e-03             NA
2.7139e+01   3.0010e+00   2.1700e-03             NA
2.7327e+01   3.0010e+00   2.1650e-03             NA
2.7495e+01   3.0010e+00   2.1700e-03             NA
2.7699e+01   3.0010e+00   2.1650e-03             NA
2.7869e+01   3.0010e+00   2.1650e-03             NA
2.8057e+01   3.0010e+00   2.1650e-03             NA
2.8235e+01   3.0010e+00   2.1650e-03             NA
2.8395e+01   3.0010e+00   2.1650e-03             NA
2.8551e+01   3.0010e+00   2.1650e-03             NA
2.8721e+01   3.0010e+00   2.1650e-03             NA
2.8878e+01   3.0010e+00   2.1650e-03             NA
2.9065e+01   3.0010e+00   2.1650e-03             NA
2.9240e+01   3.0010e+00   2.1650e-03             NA
2.9399e+01   3.0010e+00   2.1650e-03             NA
2.9570e+01   3.0010e+00   2.1650e-03             NA
2.9738e+01   3.0010e+00   2.1650e-03             NA
2.9896e+01   3.0010e+00   2.1650e-03             NA
3.0119e+01   3.0010e+00   2.1650e-03             NA
3.0160e+01   3.0010e+00   2.1650e-03             NA
3.0319e+01   3.0010e+00   2.1650e-03             NA
3.0622e+01   3.0010e+00   2.1700e-03             NA
3.0788e+01   3.0010e+00   2.1700e-03             NA
3.0955e+01   3.0010e+00   2.1650e-03             NA
3.1156e+01   3.0010e+00   2.1650e-03             NA
3.1316e+01   3.0010e+00   2.1700e-03             NA
3.1483e+01   3.0010e+00   2.1650e-03             NA
3.1661e+01   3.0010e+00   2.1650e-03             NA
3.1822e+01   3.0010e+00   2.1650e-03             NA
3.1993e+01   3.0010e+00   2.1650e-03             NA
3.2039e+01   3.0010e+00   2.1650e-03             NA
3.2341e+01   3.0010e+00   2.1650e-03             NA
3.2501e+01   3.0010e+00   2.1700e-03             NA
3.2674e+01   3.0010e+00   2.1650e-03             NA
3.2840e+01   3.0010e+00   2.1650e-03             NA
3.3004e+01   3.0010e+00   2.1650e-03             NA
3.3219e+01   3.0010e+00   2.1700e-03             NA
3.3394e+01   3.0010e+00   2.1650e-03             NA
3.3587e+01   3.0010e+00   2.1700e-03             NA
3.3752e+01   3.0010e+00   2.1650e-03             NA
3.3923e+01   3.0010e+00   2.1650e-03             NA
3.4100e+01   3.0010e+00   2.1650e-03             NA
3.4272e+01   3.0010e+00   2.1650e-03             NA
3.4430e+01   3.0010e+00   2.1700e-03             NA
3.4604e+01   3.0010e+00   2.1650e-03             NA
3.4774e+01   3.0010e+00   2.1700e-03             NA
3.4991e+01   4.0000e+00   2.8850e-03             NA
3.5204e+01   4.0000e+00   2.8850e-03             NA
3.5237e+01   4.0010e+00   2.8850e-03             NA
3.5520e+01   4.0010e+00   2.8850e-03             NA
3.5672e+01   4.0010e+00   2.8850e-03             NA
3.5838e+01   4.0010e+00   2.8850e-03             NA
3.6014e+01   4.0000e+00   2.8850e-03             NA
3.6221e+01   4.0010e+00   2.8850e-03             NA
3.6397e+01   4.0000e+00   2.8850e-03             NA
3.6568e+01   4.0000e+00   2.8850e-03             NA
3.6730e+01   4.0000e+00   2.8850e-03             NA
3.6893e+01   4.0000e+00   2.8850e-03             NA
3.7086e+01   4.0010e+00   2.8850e-03             NA
3.7304e+01   4.0000e+00   2.8850e-03             NA
3.7471e+01   4.0010e+00   2.8850e-03             NA
3.7536e+01   4.0000e+00   2.8850e-03             NA
3.7788e+01   4.0010e+00   2.8850e-03             NA
3.7955e+01   4.0000e+00   2.8850e-03             NA
3.8141e+01   4.0010e+00   2.8850e-03             NA
3.8324e+01   4.0010e+00   2.8850e-03             NA
3.8489e+01   4.0000e+00   2.8850e-03             NA
3.8664e+01   4.0010e+00   2.8850e-03             NA
3.8738e+01   4.0010e+00   2.8850e-03             NA
3.9006e+01   4.0000e+00   2.8850e-03             NA
3.9238e+01   4.0000e+00   2.8850e-03             NA
3.9409e+01   4.0000e+00   2.8850e-03             NA
3.9571e+01   4.0000e+00   2.8850e-03             NA
3.9730e+01   4.0010e+00   2.8850e-03             NA
3.9888e+01   4.0010e+00   2.8850e-03             NA
4.0054e+01   4.0000e+00   2.8850e-03             NA
4.0140e+01   4.0010e+00   2.8850e-03             NA
4.0395e+01   4.0000e+00   2.8850e-03             NA
4.0562e+01   4.0010e+00   2.8850e-03             NA
4.0726e+01   4.0010e+00   2.8850e-03             NA
4.0885e+01   4.0000e+00   2.8850e-03             NA
4.1073e+01   4.0000e+00   2.8850e-03             NA
4.1276e+01   4.0000e+00   2.8850e-03             NA
4.1438e+01   4.0000e+00   2.8850e-03             NA
4.1597e+01   4.0010e+00   2.8850e-03             NA
4.1770e+01   4.0000e+00   2.8850e-03             NA
4.1940e+01   4.0000e+00   2.8850e-03             NA
4.2102e+01   4.0000e+00   2.8850e-03             NA
4.2299e+01   4.0000e+00   2.8850e-03             NA
4.2462e+01   4.0010e+00   2.8850e-03             NA
4.2688e+01   5.0010e+00   3.6100e-03             NA
4.2851e+01   5.0010e+00   3.6100e-03             NA
4.3022e+01   5.0010e+00   3.6100e-03             NA
4.3225e+01   5.0010e+00   3.6050e-03             NA
4.3273e+01   5.0010e+00   3.6050e-03             NA
4.3560e+01   5.0010e+00   3.6000e-03             NA
4.3637e+01   5.0010e+00   3.6000e-03             NA
4.3869e+01   5.0010e+00   3.5900e-03             NA
4.3937e+01   5.0010e+00   3.5850e-03             NA
4.4051e+01   5.0010e+00   3.5900e-03             NA
4.4359e+01   5.0010e+00   3.5900e-03             NA
4.4521e+01   5.0010e+00   3.5950e-03             NA
4.4691e+01   5.0010e+00   3.6050e-03             NA
4.4856e+01   5.0010e+00   3.6050e-03             NA
4.5024e+01   5.0010e+00   3.5900e-03             NA
4.5062e+01   5.0010e+00   3.5900e-03             NA
4.5377e+01   5.0010e+00   3.4350e-03             NA
4.5436e+01   5.0010e+00   3.5100e-03             NA
4.5684e+01   5.0010e+00   3.3900e-03             NA
4.5737e+01   5.0010e+00   3.4450e-03             NA
4.6004e+01   5.0010e+00   3.4300e-03             NA
4.6191e+01   5.0010e+00   3.4250e-03             NA
4.6377e+01   5.0010e+00   3.3950e-03             NA
4.6547e+01   5.0010e+00   3.4700e-03             NA
4.6719e+01   5.0010e+00   3.2850e-03             NA
4.6758e+01   5.0010e+00   3.4700e-03             NA
4.7044e+01   5.0010e+00   3.4950e-03             NA
4.7239e+01   5.0010e+00   3.4950e-03             NA
4.7418e+01   5.0010e+00   3.3700e-03             NA
4.7596e+01   5.0010e+00   3.4800e-03             NA
4.7770e+01   5.0010e+00   3.4000e-03             NA
4.7940e+01   5.0010e+00   3.4550e-03             NA
4.8118e+01   5.0010e+00   3.4450e-03             NA
4.8322e+01   5.0010e+00   3.4200e-03             NA
4.8491e+01   5.0010e+00   3.4100e-03             NA
4.8659e+01   5.0010e+00   3.4150e-03             NA
4.8840e+01   5.0010e+00   3.4600e-03             NA
4.9019e+01   5.0010e+00   3.4600e-03             NA
4.9190e+01   5.0010e+00   3.4650e-03             NA
4.9399e+01   5.0010e+00   3.4400e-03             NA
4.9558e+01   5.0010e+00   3.4700e-03             NA
4.9737e+01   5.0010e+00   3.2850e-03             NA
4.9931e+01   5.0010e+00   3.3950e-03             NA
5.0106e+01   5.0010e+00   3.3950e-03             NA
5.0138e+01   5.0010e+00   3.4100e-03             NA
5.0451e+01   5.0010e+00   3.4850e-03             NA
5.0623e+01   5.0010e+00   3.4900e-03             NA
5.0797e+01   5.0010e+00   3.4900e-03             NA
5.0959e+01   5.0010e+00   3.4900e-03             NA
5.1121e+01   5.0010e+00   3.4800e-03             NA
5.1333e+01   5.0010e+00   3.4600e-03             NA
5.1507e+01   5.0010e+00   3.3950e-03             NA
5.1674e+01   5.0010e+00   3.4050e-03             NA
5.1839e+01   5.0010e+00   3.4250e-03             NA
5.1937e+01   4.0000e+00   2.7500e-03             NA
5.2235e+01   4.0010e+00   2.7500e-03             NA
5.2424e+01   4.0010e+00   2.7600e-03             NA
5.2582e+01   4.0000e+00   2.7650e-03             NA
5.2741e+01   4.0000e+00   2.7650e-03             NA
5.2837e+01   4.0010e+00   2.7650e-03             NA
5.3044e+01   4.0010e+00   2.7700e-03             NA
5.3206e+01   4.0000e+00   2.7700e-03             NA
5.3399e+01   4.0000e+00   2.7700e-03             NA
5.3572e+01   4.0000e+00   2.7700e-03             NA
5.3727e+01   4.0000e+00   2.7750e-03             NA
5.3892e+01   4.0010e+00   2.7750e-03             NA
5.4068e+01   4.0010e+00   2.7750e-03             NA
5.4230e+01   4.0010e+00   2.7750e-03             NA
5.4421e+01   4.0010e+00   2.7750e-03             NA
5.4589e+01   4.0000e+00   2.7750e-03             NA
5.4753e+01   4.0010e+00   2.7750e-03             NA
5.4926e+01   4.0010e+00   2.7750e-03             NA
5.5088e+01   4.0010e+00   2.7750e-03             NA
5.5270e+01   4.0000e+00   2.7750e-03             NA
5.5462e+01   4.0000e+00   2.7750e-03             NA
5.5625e+01   4.0000e+00   2.7750e-03             NA
5.5789e+01   4.0000e+00   2.7800e-03             NA
5.5958e+01   4.0010e+00   2.7800e-03             NA
5.6119e+01   4.0010e+00   2.7800e-03             NA
5.6278e+01   4.0000e+00   2.7800e-03             NA
5.6471e+01   4.0000e+00   2.7800e-03             NA
5.6629e+01   4.0000e+00   2.7800e-03             NA
5.6787e+01   4.0010e+00   2.7800e-03             NA
5.6950e+01   4.0000e+00   2.7800e-03             NA
5.7107e+01   4.0010e+00   2.7850e-03             NA
5.7279e+01   4.0010e+00   2.7850e-03             NA
5.7467e+01   4.0010e+00   2.7850e-03             NA
5.7630e+01   4.0000e+00   2.7850e-03             NA
5.7800e+01   4.0000e+00   2.7850e-03             NA
5.7973e+01   4.0010e+00   2.7850e-03             NA
5.8134e+01   4.0010e+00   2.7850e-03             NA
5.8305e+01   4.0010e+00   2.7850e-03             NA
5.8349e+01   4.0000e+00   2.7850e-03             NA
5.8639e+01   4.0000e+00   2.7850e-03             NA
5.8802e+01   4.0000e+00   2.7850e-03             NA
5.8967e+01   4.0010e+00   2.7850e-03             NA
5.9137e+01   4.0000e+00   2.7850e-03             NA
5.9300e+01   4.0010e+00   2.7850e-03             NA
5.9496e+01   4.0000e+00   2.7900e-03             NA
5.9665e+01   4.0000e+00   2.7850e-03             NA
5.9823e+01   4.0000e+00   2.7850e-03             NA
5.9986e+01   4.0010e+00   2.7850e-03             NA
6.0149e+01   4.0000e+00   2.7850e-03             NA
6.0238e+01   4.0010e+00   2.7900e-03             NA
6.0485e+01   4.0000e+00   2.7850e-03             NA
6.0656e+01   4.0000e+00   2.7900e-03             NA
6.0831e+01   4.0000e+00   2.7850e-03             NA
6.1000e+01   4.0010e+00   2.7850e-03             NA
6.1171e+01   4.0010e+00   2.7850e-03             NA
6.1335e+01   4.0010e+00   2.7900e-03             NA
6.1384e+01   4.0000e+00   2.7850e-03             NA
6.1680e+01   4.0010e+00   2.7850e-03             NA
6.1856e+01   4.0010e+00   2.7850e-03             NA
6.2017e+01   4.0000e+00   2.7850e-03             NA
6.2197e+01   4.0000e+00   2.7900e-03             NA
6.2382e+01   4.0010e+00   2.7850e-03             NA
6.2569e+01   4.0000e+00   2.7850e-03             NA
6.2636e+01   4.0000e+00   2.7850e-03             NA
6.2891e+01   4.0000e+00   2.7850e-03             NA
6.3065e+01   4.0010e+00   2.7850e-03             NA
6.3228e+01   4.0010e+00   2.7850e-03             NA
6.3423e+01   4.0000e+00   2.7850e-03             NA
6.3605e+01   4.0000e+00   2.7850e-03             NA
6.3773e+01   4.0000e+00   2.7850e-03             NA
6.3952e+01   4.0010e+00   2.7850e-03             NA
6.4119e+01   4.0000e+00   2.7850e-03             NA
6.4285e+01   4.0000e+00   2.7900e-03             NA
6.4490e+01   4.0000e+00   2.7900e-03             NA
6.4657e+01   4.0000e+00   2.7850e-03             NA
6.4876e+01   3.0010e+00   2.0900e-03             NA
6.5042e+01   3.0010e+00   2.0900e-03             NA
6.5194e+01   3.0010e+00   2.0900e-03             NA
6.5360e+01   3.0010e+00   2.0900e-03             NA
6.5543e+01   3.0010e+00   2.0900e-03             NA
6.5706e+01   3.0010e+00   2.0900e-03             NA
6.5880e+01   3.0010e+00   2.0900e-03             NA
6.6052e+01   3.0010e+00   2.0900e-03             NA
6.6217e+01   3.0010e+00   2.0900e-03             NA
6.6395e+01   3.0010e+00   2.0900e-03             NA
6.6587e+01   3.0010e+00   2.0900e-03             NA
6.6760e+01   3.0010e+00   2.0900e-03             NA
6.6922e+01   3.0010e+00   2.0900e-03             NA
6.7087e+01   3.0010e+00   2.0900e-03             NA
6.7242e+01   3.0010e+00   2.0900e-03             NA
6.7423e+01   3.0010e+00   2.0900e-03             NA
6.7604e+01   3.0010e+00   2.0900e-03             NA
6.7769e+01   3.0010e+00   2.0900e-03             NA
6.7938e+01   3.0010e+00   2.0900e-03             NA
6.8104e+01   3.0010e+00   2.0900e-03             NA
6.8285e+01   3.0010e+00   2.0900e-03             NA
6.8547e+01   3.0010e+00   2.0900e-03             NA
6.8780e+01   3.0010e+00   2.0900e-03             NA
6.8970e+01   3.0010e+00   2.0900e-03             NA
6.9146e+01   3.0010e+00   2.0900e-03             NA
6.9335e+01   3.0010e+00   2.0900e-03             NA
6.9561e+01   3.0010e+00   2.0900e-03             NA
6.9742e+01   3.0010e+00   2.0900e-03             NA
6.9924e+01   3.0010e+00   2.0900e-03             NA
7.0120e+01   3.0010e+00   2.0900e-03             NA
7.0155e+01   3.0010e+00   2.0900e-03             NA
7.0529e+01   3.0010e+00   2.0900e-03             NA
